/*--------------------------------*- C++ -*----------------------------------*\
| =========                 |                                                 |
| \\      /  F ield         | OpenFOAM: The Open Source CFD Toolbox           |
|  \\    /   O peration     | Version:  2206                                  |
|   \\  /    A nd           | Website:  www.openfoam.com                      |
|    \\/     M anipulation  |                                                 |
\*---------------------------------------------------------------------------*/
FoamFile
{
    version     2.0;
    format      ascii;
    arch        "LSB;label=32;scalar=64";
    note        "nPoints:16426  nCells:7995  nFaces:32198  nInternalFaces:15772";
    class       labelList;
    location    "constant/polyMesh";
    object      neighbour;
}
// * * * * * * * * * * * * * * * * * * * * * * * * * * * * * * * * * * * * * //


15772
(
1
21
2
22
3
23
4
24
5
25
6
26
7
27
8
28
9
29
10
30
11
31
12
32
13
33
14
34
15
35
16
36
17
37
18
38
19
39
20
40
41
462
22
42
23
43
24
44
25
45
26
46
27
47
28
48
29
49
30
50
31
51
32
52
33
53
34
54
35
55
36
56
37
57
38
58
39
59
40
60
41
61
62
467
43
63
44
64
45
65
46
66
47
67
48
68
49
69
50
70
51
71
52
72
53
73
54
74
55
75
56
76
57
77
58
78
59
79
60
80
61
81
62
82
83
472
64
84
65
85
66
86
67
87
68
88
69
89
70
90
71
91
72
92
73
93
74
94
75
95
76
96
77
97
78
98
79
99
80
100
81
101
82
102
83
103
104
477
85
105
86
106
87
107
88
108
89
109
90
110
91
111
92
112
93
113
94
114
95
115
96
116
97
117
98
118
99
119
100
120
101
121
102
122
103
123
104
124
125
482
106
126
107
127
108
128
109
129
110
130
111
131
112
132
113
133
114
134
115
135
116
136
117
137
118
138
119
139
120
140
121
141
122
142
123
143
124
144
125
145
146
487
127
147
128
148
129
149
130
150
131
151
132
152
133
153
134
154
135
155
136
156
137
157
138
158
139
159
140
160
141
161
142
162
143
163
144
164
145
165
146
166
167
492
148
168
149
169
150
170
151
171
152
172
153
173
154
174
155
175
156
176
157
177
158
178
159
179
160
180
161
181
162
182
163
183
164
184
165
185
166
186
167
187
188
497
169
189
170
190
171
191
172
192
173
193
174
194
175
195
176
196
177
197
178
198
179
199
180
200
181
201
182
202
183
203
184
204
185
205
186
206
187
207
188
208
209
502
190
210
191
211
192
212
193
213
194
214
195
215
196
216
197
217
198
218
199
219
200
220
201
221
202
222
203
223
204
224
205
225
206
226
207
227
208
228
209
229
230
507
211
231
212
232
213
233
214
234
215
235
216
236
217
237
218
238
219
239
220
240
221
241
222
242
223
243
224
244
225
245
226
246
227
247
228
248
229
249
230
250
251
512
232
252
233
253
234
254
235
255
236
256
237
257
238
258
239
259
240
260
241
261
242
262
243
263
244
264
245
265
246
266
247
267
248
268
249
269
250
270
251
271
272
517
253
273
254
274
255
275
256
276
257
277
258
278
259
279
260
280
261
281
262
282
263
283
264
284
265
285
266
286
267
287
268
288
269
289
270
290
271
291
272
292
293
522
274
294
275
295
276
296
277
297
278
298
279
299
280
300
281
301
282
302
283
303
284
304
285
305
286
306
287
307
288
308
289
309
290
310
291
311
292
312
293
313
314
527
295
315
296
316
297
317
298
318
299
319
300
320
301
321
302
322
303
323
304
324
305
325
306
326
307
327
308
328
309
329
310
330
311
331
312
332
313
333
314
334
335
532
316
336
317
337
318
338
319
339
320
340
321
341
322
342
323
343
324
344
325
345
326
346
327
347
328
348
329
349
330
350
331
351
332
352
333
353
334
354
335
355
356
537
337
357
338
358
339
359
340
360
341
361
342
362
343
363
344
364
345
365
346
366
347
367
348
368
349
369
350
370
351
371
352
372
353
373
354
374
355
375
356
376
377
542
358
378
359
379
360
380
361
381
362
382
363
383
364
384
365
385
366
386
367
387
368
388
369
389
370
390
371
391
372
392
373
393
374
394
375
395
376
396
377
397
398
547
379
399
380
400
381
401
382
402
383
403
384
404
385
405
386
406
387
407
388
408
389
409
390
410
391
411
392
412
393
413
394
414
395
415
396
416
397
417
398
418
419
552
400
420
401
421
402
422
403
423
404
424
405
425
406
426
407
427
408
428
409
429
410
430
411
431
412
432
413
433
414
434
415
435
416
436
417
437
418
438
419
439
440
557
421
441
422
442
423
443
424
444
425
445
426
446
427
447
428
448
429
449
430
450
431
451
432
452
433
453
434
454
435
455
436
456
437
457
438
458
439
459
440
460
461
562
442
3476
443
3477
444
3478
445
3479
446
3480
447
3481
448
3482
449
3483
450
3484
451
3485
452
3486
453
3487
454
3488
455
3489
456
3490
457
3491
458
3492
459
3493
460
3494
461
3495
567
3496
463
467
464
468
465
469
466
470
471
572
468
472
469
473
470
474
471
475
476
584
473
477
474
478
475
479
476
480
481
596
478
482
479
483
480
484
481
485
486
608
483
487
484
488
485
489
486
490
491
620
488
492
489
493
490
494
491
495
496
632
493
497
494
498
495
499
496
500
501
644
498
502
499
503
500
504
501
505
506
656
503
507
504
508
505
509
506
510
511
668
508
512
509
513
510
514
511
515
516
680
513
517
514
518
515
519
516
520
521
692
518
522
519
523
520
524
521
525
526
704
523
527
524
528
525
529
526
530
531
716
528
532
529
533
530
534
531
535
536
728
533
537
534
538
535
539
536
540
541
740
538
542
539
543
540
544
541
545
546
752
543
547
544
548
545
549
546
550
551
764
548
552
549
553
550
554
551
555
556
776
553
557
554
558
555
559
556
560
561
788
558
562
559
563
560
564
561
565
566
800
563
567
564
568
565
569
566
570
571
812
568
3640
569
3639
570
3638
571
3637
824
3636
573
584
574
585
575
586
576
587
577
588
578
589
579
590
580
591
581
592
582
593
583
594
595
836
585
596
586
597
587
598
588
599
589
600
590
601
591
602
592
603
593
604
594
605
595
606
607
956
597
608
598
609
599
610
600
611
601
612
602
613
603
614
604
615
605
616
606
617
607
618
619
1076
609
620
610
621
611
622
612
623
613
624
614
625
615
626
616
627
617
628
618
629
619
630
631
1196
621
632
622
633
623
634
624
635
625
636
626
637
627
638
628
639
629
640
630
641
631
642
643
1316
633
644
634
645
635
646
636
647
637
648
638
649
639
650
640
651
641
652
642
653
643
654
655
1436
645
656
646
657
647
658
648
659
649
660
650
661
651
662
652
663
653
664
654
665
655
666
667
1556
657
668
658
669
659
670
660
671
661
672
662
673
663
674
664
675
665
676
666
677
667
678
679
1676
669
680
670
681
671
682
672
683
673
684
674
685
675
686
676
687
677
688
678
689
679
690
691
1796
681
692
682
693
683
694
684
695
685
696
686
697
687
698
688
699
689
700
690
701
691
702
703
1916
693
704
694
705
695
706
696
707
697
708
698
709
699
710
700
711
701
712
702
713
703
714
715
2036
705
716
706
717
707
718
708
719
709
720
710
721
711
722
712
723
713
724
714
725
715
726
727
2156
717
728
718
729
719
730
720
731
721
732
722
733
723
734
724
735
725
736
726
737
727
738
739
2276
729
740
730
741
731
742
732
743
733
744
734
745
735
746
736
747
737
748
738
749
739
750
751
2396
741
752
742
753
743
754
744
755
745
756
746
757
747
758
748
759
749
760
750
761
751
762
763
2516
753
764
754
765
755
766
756
767
757
768
758
769
759
770
760
771
761
772
762
773
763
774
775
2636
765
776
766
777
767
778
768
779
769
780
770
781
771
782
772
783
773
784
774
785
775
786
787
2756
777
788
778
789
779
790
780
791
781
792
782
793
783
794
784
795
785
796
786
797
787
798
799
2876
789
800
790
801
791
802
792
803
793
804
794
805
795
806
796
807
797
808
798
809
799
810
811
2996
801
812
802
813
803
814
804
815
805
816
806
817
807
818
808
819
809
820
810
821
811
822
823
3116
813
824
814
825
815
826
816
827
817
828
818
829
819
830
820
831
821
832
822
833
823
834
835
3236
825
3653
826
3654
827
3655
828
3656
829
3657
830
3658
831
3659
832
3660
833
3661
834
3662
835
3663
3356
3664
837
956
838
957
839
958
840
959
841
960
842
961
843
962
844
963
845
964
846
965
847
966
848
967
849
968
850
969
851
970
852
971
853
972
854
973
855
974
856
975
857
976
858
977
859
978
860
979
861
980
862
981
863
982
864
983
865
984
866
985
867
986
868
987
869
988
870
989
871
990
872
991
873
992
874
993
875
994
876
995
877
996
878
997
879
998
880
999
881
1000
882
1001
883
1002
884
1003
885
1004
886
1005
887
1006
888
1007
889
1008
890
1009
891
1010
892
1011
893
1012
894
1013
895
1014
896
1015
897
1016
898
1017
899
1018
900
1019
901
1020
902
1021
903
1022
904
1023
905
1024
906
1025
907
1026
908
1027
909
1028
910
1029
911
1030
912
1031
913
1032
914
1033
915
1034
916
1035
917
1036
918
1037
919
1038
920
1039
921
1040
922
1041
923
1042
924
1043
925
1044
926
1045
927
1046
928
1047
929
1048
930
1049
931
1050
932
1051
933
1052
934
1053
935
1054
936
1055
937
1056
938
1057
939
1058
940
1059
941
1060
942
1061
943
1062
944
1063
945
1064
946
1065
947
1066
948
1067
949
1068
950
1069
951
1070
952
1071
953
1072
954
1073
955
1074
1075
957
1076
958
1077
959
1078
960
1079
961
1080
962
1081
963
1082
964
1083
965
1084
966
1085
967
1086
968
1087
969
1088
970
1089
971
1090
972
1091
973
1092
974
1093
975
1094
976
1095
977
1096
978
1097
979
1098
980
1099
981
1100
982
1101
983
1102
984
1103
985
1104
986
1105
987
1106
988
1107
989
1108
990
1109
991
1110
992
1111
993
1112
994
1113
995
1114
996
1115
997
1116
998
1117
999
1118
1000
1119
1001
1120
1002
1121
1003
1122
1004
1123
1005
1124
1006
1125
1007
1126
1008
1127
1009
1128
1010
1129
1011
1130
1012
1131
1013
1132
1014
1133
1015
1134
1016
1135
1017
1136
1018
1137
1019
1138
1020
1139
1021
1140
1022
1141
1023
1142
1024
1143
1025
1144
1026
1145
1027
1146
1028
1147
1029
1148
1030
1149
1031
1150
1032
1151
1033
1152
1034
1153
1035
1154
1036
1155
1037
1156
1038
1157
1039
1158
1040
1159
1041
1160
1042
1161
1043
1162
1044
1163
1045
1164
1046
1165
1047
1166
1048
1167
1049
1168
1050
1169
1051
1170
1052
1171
1053
1172
1054
1173
1055
1174
1056
1175
1057
1176
1058
1177
1059
1178
1060
1179
1061
1180
1062
1181
1063
1182
1064
1183
1065
1184
1066
1185
1067
1186
1068
1187
1069
1188
1070
1189
1071
1190
1072
1191
1073
1192
1074
1193
1075
1194
1195
1077
1196
1078
1197
1079
1198
1080
1199
1081
1200
1082
1201
1083
1202
1084
1203
1085
1204
1086
1205
1087
1206
1088
1207
1089
1208
1090
1209
1091
1210
1092
1211
1093
1212
1094
1213
1095
1214
1096
1215
1097
1216
1098
1217
1099
1218
1100
1219
1101
1220
1102
1221
1103
1222
1104
1223
1105
1224
1106
1225
1107
1226
1108
1227
1109
1228
1110
1229
1111
1230
1112
1231
1113
1232
1114
1233
1115
1234
1116
1235
1117
1236
1118
1237
1119
1238
1120
1239
1121
1240
1122
1241
1123
1242
1124
1243
1125
1244
1126
1245
1127
1246
1128
1247
1129
1248
1130
1249
1131
1250
1132
1251
1133
1252
1134
1253
1135
1254
1136
1255
1137
1256
1138
1257
1139
1258
1140
1259
1141
1260
1142
1261
1143
1262
1144
1263
1145
1264
1146
1265
1147
1266
1148
1267
1149
1268
1150
1269
1151
1270
1152
1271
1153
1272
1154
1273
1155
1274
1156
1275
1157
1276
1158
1277
1159
1278
1160
1279
1161
1280
1162
1281
1163
1282
1164
1283
1165
1284
1166
1285
1167
1286
1168
1287
1169
1288
1170
1289
1171
1290
1172
1291
1173
1292
1174
1293
1175
1294
1176
1295
1177
1296
1178
1297
1179
1298
1180
1299
1181
1300
1182
1301
1183
1302
1184
1303
1185
1304
1186
1305
1187
1306
1188
1307
1189
1308
1190
1309
1191
1310
1192
1311
1193
1312
1194
1313
1195
1314
1315
1197
1316
1198
1317
1199
1318
1200
1319
1201
1320
1202
1321
1203
1322
1204
1323
1205
1324
1206
1325
1207
1326
1208
1327
1209
1328
1210
1329
1211
1330
1212
1331
1213
1332
1214
1333
1215
1334
1216
1335
1217
1336
1218
1337
1219
1338
1220
1339
1221
1340
1222
1341
1223
1342
1224
1343
1225
1344
1226
1345
1227
1346
1228
1347
1229
1348
1230
1349
1231
1350
1232
1351
1233
1352
1234
1353
1235
1354
1236
1355
1237
1356
1238
1357
1239
1358
1240
1359
1241
1360
1242
1361
1243
1362
1244
1363
1245
1364
1246
1365
1247
1366
1248
1367
1249
1368
1250
1369
1251
1370
1252
1371
1253
1372
1254
1373
1255
1374
1256
1375
1257
1376
1258
1377
1259
1378
1260
1379
1261
1380
1262
1381
1263
1382
1264
1383
1265
1384
1266
1385
1267
1386
1268
1387
1269
1388
1270
1389
1271
1390
1272
1391
1273
1392
1274
1393
1275
1394
1276
1395
1277
1396
1278
1397
1279
1398
1280
1399
1281
1400
1282
1401
1283
1402
1284
1403
1285
1404
1286
1405
1287
1406
1288
1407
1289
1408
1290
1409
1291
1410
1292
1411
1293
1412
1294
1413
1295
1414
1296
1415
1297
1416
1298
1417
1299
1418
1300
1419
1301
1420
1302
1421
1303
1422
1304
1423
1305
1424
1306
1425
1307
1426
1308
1427
1309
1428
1310
1429
1311
1430
1312
1431
1313
1432
1314
1433
1315
1434
1435
1317
1436
1318
1437
1319
1438
1320
1439
1321
1440
1322
1441
1323
1442
1324
1443
1325
1444
1326
1445
1327
1446
1328
1447
1329
1448
1330
1449
1331
1450
1332
1451
1333
1452
1334
1453
1335
1454
1336
1455
1337
1456
1338
1457
1339
1458
1340
1459
1341
1460
1342
1461
1343
1462
1344
1463
1345
1464
1346
1465
1347
1466
1348
1467
1349
1468
1350
1469
1351
1470
1352
1471
1353
1472
1354
1473
1355
1474
1356
1475
1357
1476
1358
1477
1359
1478
1360
1479
1361
1480
1362
1481
1363
1482
1364
1483
1365
1484
1366
1485
1367
1486
1368
1487
1369
1488
1370
1489
1371
1490
1372
1491
1373
1492
1374
1493
1375
1494
1376
1495
1377
1496
1378
1497
1379
1498
1380
1499
1381
1500
1382
1501
1383
1502
1384
1503
1385
1504
1386
1505
1387
1506
1388
1507
1389
1508
1390
1509
1391
1510
1392
1511
1393
1512
1394
1513
1395
1514
1396
1515
1397
1516
1398
1517
1399
1518
1400
1519
1401
1520
1402
1521
1403
1522
1404
1523
1405
1524
1406
1525
1407
1526
1408
1527
1409
1528
1410
1529
1411
1530
1412
1531
1413
1532
1414
1533
1415
1534
1416
1535
1417
1536
1418
1537
1419
1538
1420
1539
1421
1540
1422
1541
1423
1542
1424
1543
1425
1544
1426
1545
1427
1546
1428
1547
1429
1548
1430
1549
1431
1550
1432
1551
1433
1552
1434
1553
1435
1554
1555
1437
1556
1438
1557
1439
1558
1440
1559
1441
1560
1442
1561
1443
1562
1444
1563
1445
1564
1446
1565
1447
1566
1448
1567
1449
1568
1450
1569
1451
1570
1452
1571
1453
1572
1454
1573
1455
1574
1456
1575
1457
1576
1458
1577
1459
1578
1460
1579
1461
1580
1462
1581
1463
1582
1464
1583
1465
1584
1466
1585
1467
1586
1468
1587
1469
1588
1470
1589
1471
1590
1472
1591
1473
1592
1474
1593
1475
1594
1476
1595
1477
1596
1478
1597
1479
1598
1480
1599
1481
1600
1482
1601
1483
1602
1484
1603
1485
1604
1486
1605
1487
1606
1488
1607
1489
1608
1490
1609
1491
1610
1492
1611
1493
1612
1494
1613
1495
1614
1496
1615
1497
1616
1498
1617
1499
1618
1500
1619
1501
1620
1502
1621
1503
1622
1504
1623
1505
1624
1506
1625
1507
1626
1508
1627
1509
1628
1510
1629
1511
1630
1512
1631
1513
1632
1514
1633
1515
1634
1516
1635
1517
1636
1518
1637
1519
1638
1520
1639
1521
1640
1522
1641
1523
1642
1524
1643
1525
1644
1526
1645
1527
1646
1528
1647
1529
1648
1530
1649
1531
1650
1532
1651
1533
1652
1534
1653
1535
1654
1536
1655
1537
1656
1538
1657
1539
1658
1540
1659
1541
1660
1542
1661
1543
1662
1544
1663
1545
1664
1546
1665
1547
1666
1548
1667
1549
1668
1550
1669
1551
1670
1552
1671
1553
1672
1554
1673
1555
1674
1675
1557
1676
1558
1677
1559
1678
1560
1679
1561
1680
1562
1681
1563
1682
1564
1683
1565
1684
1566
1685
1567
1686
1568
1687
1569
1688
1570
1689
1571
1690
1572
1691
1573
1692
1574
1693
1575
1694
1576
1695
1577
1696
1578
1697
1579
1698
1580
1699
1581
1700
1582
1701
1583
1702
1584
1703
1585
1704
1586
1705
1587
1706
1588
1707
1589
1708
1590
1709
1591
1710
1592
1711
1593
1712
1594
1713
1595
1714
1596
1715
1597
1716
1598
1717
1599
1718
1600
1719
1601
1720
1602
1721
1603
1722
1604
1723
1605
1724
1606
1725
1607
1726
1608
1727
1609
1728
1610
1729
1611
1730
1612
1731
1613
1732
1614
1733
1615
1734
1616
1735
1617
1736
1618
1737
1619
1738
1620
1739
1621
1740
1622
1741
1623
1742
1624
1743
1625
1744
1626
1745
1627
1746
1628
1747
1629
1748
1630
1749
1631
1750
1632
1751
1633
1752
1634
1753
1635
1754
1636
1755
1637
1756
1638
1757
1639
1758
1640
1759
1641
1760
1642
1761
1643
1762
1644
1763
1645
1764
1646
1765
1647
1766
1648
1767
1649
1768
1650
1769
1651
1770
1652
1771
1653
1772
1654
1773
1655
1774
1656
1775
1657
1776
1658
1777
1659
1778
1660
1779
1661
1780
1662
1781
1663
1782
1664
1783
1665
1784
1666
1785
1667
1786
1668
1787
1669
1788
1670
1789
1671
1790
1672
1791
1673
1792
1674
1793
1675
1794
1795
1677
1796
1678
1797
1679
1798
1680
1799
1681
1800
1682
1801
1683
1802
1684
1803
1685
1804
1686
1805
1687
1806
1688
1807
1689
1808
1690
1809
1691
1810
1692
1811
1693
1812
1694
1813
1695
1814
1696
1815
1697
1816
1698
1817
1699
1818
1700
1819
1701
1820
1702
1821
1703
1822
1704
1823
1705
1824
1706
1825
1707
1826
1708
1827
1709
1828
1710
1829
1711
1830
1712
1831
1713
1832
1714
1833
1715
1834
1716
1835
1717
1836
1718
1837
1719
1838
1720
1839
1721
1840
1722
1841
1723
1842
1724
1843
1725
1844
1726
1845
1727
1846
1728
1847
1729
1848
1730
1849
1731
1850
1732
1851
1733
1852
1734
1853
1735
1854
1736
1855
1737
1856
1738
1857
1739
1858
1740
1859
1741
1860
1742
1861
1743
1862
1744
1863
1745
1864
1746
1865
1747
1866
1748
1867
1749
1868
1750
1869
1751
1870
1752
1871
1753
1872
1754
1873
1755
1874
1756
1875
1757
1876
1758
1877
1759
1878
1760
1879
1761
1880
1762
1881
1763
1882
1764
1883
1765
1884
1766
1885
1767
1886
1768
1887
1769
1888
1770
1889
1771
1890
1772
1891
1773
1892
1774
1893
1775
1894
1776
1895
1777
1896
1778
1897
1779
1898
1780
1899
1781
1900
1782
1901
1783
1902
1784
1903
1785
1904
1786
1905
1787
1906
1788
1907
1789
1908
1790
1909
1791
1910
1792
1911
1793
1912
1794
1913
1795
1914
1915
1797
1916
1798
1917
1799
1918
1800
1919
1801
1920
1802
1921
1803
1922
1804
1923
1805
1924
1806
1925
1807
1926
1808
1927
1809
1928
1810
1929
1811
1930
1812
1931
1813
1932
1814
1933
1815
1934
1816
1935
1817
1936
1818
1937
1819
1938
1820
1939
1821
1940
1822
1941
1823
1942
1824
1943
1825
1944
1826
1945
1827
1946
1828
1947
1829
1948
1830
1949
1831
1950
1832
1951
1833
1952
1834
1953
1835
1954
1836
1955
1837
1956
1838
1957
1839
1958
1840
1959
1841
1960
1842
1961
1843
1962
1844
1963
1845
1964
1846
1965
1847
1966
1848
1967
1849
1968
1850
1969
1851
1970
1852
1971
1853
1972
1854
1973
1855
1974
1856
1975
1857
1976
1858
1977
1859
1978
1860
1979
1861
1980
1862
1981
1863
1982
1864
1983
1865
1984
1866
1985
1867
1986
1868
1987
1869
1988
1870
1989
1871
1990
1872
1991
1873
1992
1874
1993
1875
1994
1876
1995
1877
1996
1878
1997
1879
1998
1880
1999
1881
2000
1882
2001
1883
2002
1884
2003
1885
2004
1886
2005
1887
2006
1888
2007
1889
2008
1890
2009
1891
2010
1892
2011
1893
2012
1894
2013
1895
2014
1896
2015
1897
2016
1898
2017
1899
2018
1900
2019
1901
2020
1902
2021
1903
2022
1904
2023
1905
2024
1906
2025
1907
2026
1908
2027
1909
2028
1910
2029
1911
2030
1912
2031
1913
2032
1914
2033
1915
2034
2035
1917
2036
1918
2037
1919
2038
1920
2039
1921
2040
1922
2041
1923
2042
1924
2043
1925
2044
1926
2045
1927
2046
1928
2047
1929
2048
1930
2049
1931
2050
1932
2051
1933
2052
1934
2053
1935
2054
1936
2055
1937
2056
1938
2057
1939
2058
1940
2059
1941
2060
1942
2061
1943
2062
1944
2063
1945
2064
1946
2065
1947
2066
1948
2067
1949
2068
1950
2069
1951
2070
1952
2071
1953
2072
1954
2073
1955
2074
1956
2075
1957
2076
1958
2077
1959
2078
1960
2079
1961
2080
1962
2081
1963
2082
1964
2083
1965
2084
1966
2085
1967
2086
1968
2087
1969
2088
1970
2089
1971
2090
1972
2091
1973
2092
1974
2093
1975
2094
1976
2095
1977
2096
1978
2097
1979
2098
1980
2099
1981
2100
1982
2101
1983
2102
1984
2103
1985
2104
1986
2105
1987
2106
1988
2107
1989
2108
1990
2109
1991
2110
1992
2111
1993
2112
1994
2113
1995
2114
1996
2115
1997
2116
1998
2117
1999
2118
2000
2119
2001
2120
2002
2121
2003
2122
2004
2123
2005
2124
2006
2125
2007
2126
2008
2127
2009
2128
2010
2129
2011
2130
2012
2131
2013
2132
2014
2133
2015
2134
2016
2135
2017
2136
2018
2137
2019
2138
2020
2139
2021
2140
2022
2141
2023
2142
2024
2143
2025
2144
2026
2145
2027
2146
2028
2147
2029
2148
2030
2149
2031
2150
2032
2151
2033
2152
2034
2153
2035
2154
2155
2037
2156
2038
2157
2039
2158
2040
2159
2041
2160
2042
2161
2043
2162
2044
2163
2045
2164
2046
2165
2047
2166
2048
2167
2049
2168
2050
2169
2051
2170
2052
2171
2053
2172
2054
2173
2055
2174
2056
2175
2057
2176
2058
2177
2059
2178
2060
2179
2061
2180
2062
2181
2063
2182
2064
2183
2065
2184
2066
2185
2067
2186
2068
2187
2069
2188
2070
2189
2071
2190
2072
2191
2073
2192
2074
2193
2075
2194
2076
2195
2077
2196
2078
2197
2079
2198
2080
2199
2081
2200
2082
2201
2083
2202
2084
2203
2085
2204
2086
2205
2087
2206
2088
2207
2089
2208
2090
2209
2091
2210
2092
2211
2093
2212
2094
2213
2095
2214
2096
2215
2097
2216
2098
2217
2099
2218
2100
2219
2101
2220
2102
2221
2103
2222
2104
2223
2105
2224
2106
2225
2107
2226
2108
2227
2109
2228
2110
2229
2111
2230
2112
2231
2113
2232
2114
2233
2115
2234
2116
2235
2117
2236
2118
2237
2119
2238
2120
2239
2121
2240
2122
2241
2123
2242
2124
2243
2125
2244
2126
2245
2127
2246
2128
2247
2129
2248
2130
2249
2131
2250
2132
2251
2133
2252
2134
2253
2135
2254
2136
2255
2137
2256
2138
2257
2139
2258
2140
2259
2141
2260
2142
2261
2143
2262
2144
2263
2145
2264
2146
2265
2147
2266
2148
2267
2149
2268
2150
2269
2151
2270
2152
2271
2153
2272
2154
2273
2155
2274
2275
2157
2276
2158
2277
2159
2278
2160
2279
2161
2280
2162
2281
2163
2282
2164
2283
2165
2284
2166
2285
2167
2286
2168
2287
2169
2288
2170
2289
2171
2290
2172
2291
2173
2292
2174
2293
2175
2294
2176
2295
2177
2296
2178
2297
2179
2298
2180
2299
2181
2300
2182
2301
2183
2302
2184
2303
2185
2304
2186
2305
2187
2306
2188
2307
2189
2308
2190
2309
2191
2310
2192
2311
2193
2312
2194
2313
2195
2314
2196
2315
2197
2316
2198
2317
2199
2318
2200
2319
2201
2320
2202
2321
2203
2322
2204
2323
2205
2324
2206
2325
2207
2326
2208
2327
2209
2328
2210
2329
2211
2330
2212
2331
2213
2332
2214
2333
2215
2334
2216
2335
2217
2336
2218
2337
2219
2338
2220
2339
2221
2340
2222
2341
2223
2342
2224
2343
2225
2344
2226
2345
2227
2346
2228
2347
2229
2348
2230
2349
2231
2350
2232
2351
2233
2352
2234
2353
2235
2354
2236
2355
2237
2356
2238
2357
2239
2358
2240
2359
2241
2360
2242
2361
2243
2362
2244
2363
2245
2364
2246
2365
2247
2366
2248
2367
2249
2368
2250
2369
2251
2370
2252
2371
2253
2372
2254
2373
2255
2374
2256
2375
2257
2376
2258
2377
2259
2378
2260
2379
2261
2380
2262
2381
2263
2382
2264
2383
2265
2384
2266
2385
2267
2386
2268
2387
2269
2388
2270
2389
2271
2390
2272
2391
2273
2392
2274
2393
2275
2394
2395
2277
2396
2278
2397
2279
2398
2280
2399
2281
2400
2282
2401
2283
2402
2284
2403
2285
2404
2286
2405
2287
2406
2288
2407
2289
2408
2290
2409
2291
2410
2292
2411
2293
2412
2294
2413
2295
2414
2296
2415
2297
2416
2298
2417
2299
2418
2300
2419
2301
2420
2302
2421
2303
2422
2304
2423
2305
2424
2306
2425
2307
2426
2308
2427
2309
2428
2310
2429
2311
2430
2312
2431
2313
2432
2314
2433
2315
2434
2316
2435
2317
2436
2318
2437
2319
2438
2320
2439
2321
2440
2322
2441
2323
2442
2324
2443
2325
2444
2326
2445
2327
2446
2328
2447
2329
2448
2330
2449
2331
2450
2332
2451
2333
2452
2334
2453
2335
2454
2336
2455
2337
2456
2338
2457
2339
2458
2340
2459
2341
2460
2342
2461
2343
2462
2344
2463
2345
2464
2346
2465
2347
2466
2348
2467
2349
2468
2350
2469
2351
2470
2352
2471
2353
2472
2354
2473
2355
2474
2356
2475
2357
2476
2358
2477
2359
2478
2360
2479
2361
2480
2362
2481
2363
2482
2364
2483
2365
2484
2366
2485
2367
2486
2368
2487
2369
2488
2370
2489
2371
2490
2372
2491
2373
2492
2374
2493
2375
2494
2376
2495
2377
2496
2378
2497
2379
2498
2380
2499
2381
2500
2382
2501
2383
2502
2384
2503
2385
2504
2386
2505
2387
2506
2388
2507
2389
2508
2390
2509
2391
2510
2392
2511
2393
2512
2394
2513
2395
2514
2515
2397
2516
2398
2517
2399
2518
2400
2519
2401
2520
2402
2521
2403
2522
2404
2523
2405
2524
2406
2525
2407
2526
2408
2527
2409
2528
2410
2529
2411
2530
2412
2531
2413
2532
2414
2533
2415
2534
2416
2535
2417
2536
2418
2537
2419
2538
2420
2539
2421
2540
2422
2541
2423
2542
2424
2543
2425
2544
2426
2545
2427
2546
2428
2547
2429
2548
2430
2549
2431
2550
2432
2551
2433
2552
2434
2553
2435
2554
2436
2555
2437
2556
2438
2557
2439
2558
2440
2559
2441
2560
2442
2561
2443
2562
2444
2563
2445
2564
2446
2565
2447
2566
2448
2567
2449
2568
2450
2569
2451
2570
2452
2571
2453
2572
2454
2573
2455
2574
2456
2575
2457
2576
2458
2577
2459
2578
2460
2579
2461
2580
2462
2581
2463
2582
2464
2583
2465
2584
2466
2585
2467
2586
2468
2587
2469
2588
2470
2589
2471
2590
2472
2591
2473
2592
2474
2593
2475
2594
2476
2595
2477
2596
2478
2597
2479
2598
2480
2599
2481
2600
2482
2601
2483
2602
2484
2603
2485
2604
2486
2605
2487
2606
2488
2607
2489
2608
2490
2609
2491
2610
2492
2611
2493
2612
2494
2613
2495
2614
2496
2615
2497
2616
2498
2617
2499
2618
2500
2619
2501
2620
2502
2621
2503
2622
2504
2623
2505
2624
2506
2625
2507
2626
2508
2627
2509
2628
2510
2629
2511
2630
2512
2631
2513
2632
2514
2633
2515
2634
2635
2517
2636
2518
2637
2519
2638
2520
2639
2521
2640
2522
2641
2523
2642
2524
2643
2525
2644
2526
2645
2527
2646
2528
2647
2529
2648
2530
2649
2531
2650
2532
2651
2533
2652
2534
2653
2535
2654
2536
2655
2537
2656
2538
2657
2539
2658
2540
2659
2541
2660
2542
2661
2543
2662
2544
2663
2545
2664
2546
2665
2547
2666
2548
2667
2549
2668
2550
2669
2551
2670
2552
2671
2553
2672
2554
2673
2555
2674
2556
2675
2557
2676
2558
2677
2559
2678
2560
2679
2561
2680
2562
2681
2563
2682
2564
2683
2565
2684
2566
2685
2567
2686
2568
2687
2569
2688
2570
2689
2571
2690
2572
2691
2573
2692
2574
2693
2575
2694
2576
2695
2577
2696
2578
2697
2579
2698
2580
2699
2581
2700
2582
2701
2583
2702
2584
2703
2585
2704
2586
2705
2587
2706
2588
2707
2589
2708
2590
2709
2591
2710
2592
2711
2593
2712
2594
2713
2595
2714
2596
2715
2597
2716
2598
2717
2599
2718
2600
2719
2601
2720
2602
2721
2603
2722
2604
2723
2605
2724
2606
2725
2607
2726
2608
2727
2609
2728
2610
2729
2611
2730
2612
2731
2613
2732
2614
2733
2615
2734
2616
2735
2617
2736
2618
2737
2619
2738
2620
2739
2621
2740
2622
2741
2623
2742
2624
2743
2625
2744
2626
2745
2627
2746
2628
2747
2629
2748
2630
2749
2631
2750
2632
2751
2633
2752
2634
2753
2635
2754
2755
2637
2756
2638
2757
2639
2758
2640
2759
2641
2760
2642
2761
2643
2762
2644
2763
2645
2764
2646
2765
2647
2766
2648
2767
2649
2768
2650
2769
2651
2770
2652
2771
2653
2772
2654
2773
2655
2774
2656
2775
2657
2776
2658
2777
2659
2778
2660
2779
2661
2780
2662
2781
2663
2782
2664
2783
2665
2784
2666
2785
2667
2786
2668
2787
2669
2788
2670
2789
2671
2790
2672
2791
2673
2792
2674
2793
2675
2794
2676
2795
2677
2796
2678
2797
2679
2798
2680
2799
2681
2800
2682
2801
2683
2802
2684
2803
2685
2804
2686
2805
2687
2806
2688
2807
2689
2808
2690
2809
2691
2810
2692
2811
2693
2812
2694
2813
2695
2814
2696
2815
2697
2816
2698
2817
2699
2818
2700
2819
2701
2820
2702
2821
2703
2822
2704
2823
2705
2824
2706
2825
2707
2826
2708
2827
2709
2828
2710
2829
2711
2830
2712
2831
2713
2832
2714
2833
2715
2834
2716
2835
2717
2836
2718
2837
2719
2838
2720
2839
2721
2840
2722
2841
2723
2842
2724
2843
2725
2844
2726
2845
2727
2846
2728
2847
2729
2848
2730
2849
2731
2850
2732
2851
2733
2852
2734
2853
2735
2854
2736
2855
2737
2856
2738
2857
2739
2858
2740
2859
2741
2860
2742
2861
2743
2862
2744
2863
2745
2864
2746
2865
2747
2866
2748
2867
2749
2868
2750
2869
2751
2870
2752
2871
2753
2872
2754
2873
2755
2874
2875
2757
2876
2758
2877
2759
2878
2760
2879
2761
2880
2762
2881
2763
2882
2764
2883
2765
2884
2766
2885
2767
2886
2768
2887
2769
2888
2770
2889
2771
2890
2772
2891
2773
2892
2774
2893
2775
2894
2776
2895
2777
2896
2778
2897
2779
2898
2780
2899
2781
2900
2782
2901
2783
2902
2784
2903
2785
2904
2786
2905
2787
2906
2788
2907
2789
2908
2790
2909
2791
2910
2792
2911
2793
2912
2794
2913
2795
2914
2796
2915
2797
2916
2798
2917
2799
2918
2800
2919
2801
2920
2802
2921
2803
2922
2804
2923
2805
2924
2806
2925
2807
2926
2808
2927
2809
2928
2810
2929
2811
2930
2812
2931
2813
2932
2814
2933
2815
2934
2816
2935
2817
2936
2818
2937
2819
2938
2820
2939
2821
2940
2822
2941
2823
2942
2824
2943
2825
2944
2826
2945
2827
2946
2828
2947
2829
2948
2830
2949
2831
2950
2832
2951
2833
2952
2834
2953
2835
2954
2836
2955
2837
2956
2838
2957
2839
2958
2840
2959
2841
2960
2842
2961
2843
2962
2844
2963
2845
2964
2846
2965
2847
2966
2848
2967
2849
2968
2850
2969
2851
2970
2852
2971
2853
2972
2854
2973
2855
2974
2856
2975
2857
2976
2858
2977
2859
2978
2860
2979
2861
2980
2862
2981
2863
2982
2864
2983
2865
2984
2866
2985
2867
2986
2868
2987
2869
2988
2870
2989
2871
2990
2872
2991
2873
2992
2874
2993
2875
2994
2995
2877
2996
2878
2997
2879
2998
2880
2999
2881
3000
2882
3001
2883
3002
2884
3003
2885
3004
2886
3005
2887
3006
2888
3007
2889
3008
2890
3009
2891
3010
2892
3011
2893
3012
2894
3013
2895
3014
2896
3015
2897
3016
2898
3017
2899
3018
2900
3019
2901
3020
2902
3021
2903
3022
2904
3023
2905
3024
2906
3025
2907
3026
2908
3027
2909
3028
2910
3029
2911
3030
2912
3031
2913
3032
2914
3033
2915
3034
2916
3035
2917
3036
2918
3037
2919
3038
2920
3039
2921
3040
2922
3041
2923
3042
2924
3043
2925
3044
2926
3045
2927
3046
2928
3047
2929
3048
2930
3049
2931
3050
2932
3051
2933
3052
2934
3053
2935
3054
2936
3055
2937
3056
2938
3057
2939
3058
2940
3059
2941
3060
2942
3061
2943
3062
2944
3063
2945
3064
2946
3065
2947
3066
2948
3067
2949
3068
2950
3069
2951
3070
2952
3071
2953
3072
2954
3073
2955
3074
2956
3075
2957
3076
2958
3077
2959
3078
2960
3079
2961
3080
2962
3081
2963
3082
2964
3083
2965
3084
2966
3085
2967
3086
2968
3087
2969
3088
2970
3089
2971
3090
2972
3091
2973
3092
2974
3093
2975
3094
2976
3095
2977
3096
2978
3097
2979
3098
2980
3099
2981
3100
2982
3101
2983
3102
2984
3103
2985
3104
2986
3105
2987
3106
2988
3107
2989
3108
2990
3109
2991
3110
2992
3111
2993
3112
2994
3113
2995
3114
3115
2997
3116
2998
3117
2999
3118
3000
3119
3001
3120
3002
3121
3003
3122
3004
3123
3005
3124
3006
3125
3007
3126
3008
3127
3009
3128
3010
3129
3011
3130
3012
3131
3013
3132
3014
3133
3015
3134
3016
3135
3017
3136
3018
3137
3019
3138
3020
3139
3021
3140
3022
3141
3023
3142
3024
3143
3025
3144
3026
3145
3027
3146
3028
3147
3029
3148
3030
3149
3031
3150
3032
3151
3033
3152
3034
3153
3035
3154
3036
3155
3037
3156
3038
3157
3039
3158
3040
3159
3041
3160
3042
3161
3043
3162
3044
3163
3045
3164
3046
3165
3047
3166
3048
3167
3049
3168
3050
3169
3051
3170
3052
3171
3053
3172
3054
3173
3055
3174
3056
3175
3057
3176
3058
3177
3059
3178
3060
3179
3061
3180
3062
3181
3063
3182
3064
3183
3065
3184
3066
3185
3067
3186
3068
3187
3069
3188
3070
3189
3071
3190
3072
3191
3073
3192
3074
3193
3075
3194
3076
3195
3077
3196
3078
3197
3079
3198
3080
3199
3081
3200
3082
3201
3083
3202
3084
3203
3085
3204
3086
3205
3087
3206
3088
3207
3089
3208
3090
3209
3091
3210
3092
3211
3093
3212
3094
3213
3095
3214
3096
3215
3097
3216
3098
3217
3099
3218
3100
3219
3101
3220
3102
3221
3103
3222
3104
3223
3105
3224
3106
3225
3107
3226
3108
3227
3109
3228
3110
3229
3111
3230
3112
3231
3113
3232
3114
3233
3115
3234
3235
3117
3236
3118
3237
3119
3238
3120
3239
3121
3240
3122
3241
3123
3242
3124
3243
3125
3244
3126
3245
3127
3246
3128
3247
3129
3248
3130
3249
3131
3250
3132
3251
3133
3252
3134
3253
3135
3254
3136
3255
3137
3256
3138
3257
3139
3258
3140
3259
3141
3260
3142
3261
3143
3262
3144
3263
3145
3264
3146
3265
3147
3266
3148
3267
3149
3268
3150
3269
3151
3270
3152
3271
3153
3272
3154
3273
3155
3274
3156
3275
3157
3276
3158
3277
3159
3278
3160
3279
3161
3280
3162
3281
3163
3282
3164
3283
3165
3284
3166
3285
3167
3286
3168
3287
3169
3288
3170
3289
3171
3290
3172
3291
3173
3292
3174
3293
3175
3294
3176
3295
3177
3296
3178
3297
3179
3298
3180
3299
3181
3300
3182
3301
3183
3302
3184
3303
3185
3304
3186
3305
3187
3306
3188
3307
3189
3308
3190
3309
3191
3310
3192
3311
3193
3312
3194
3313
3195
3314
3196
3315
3197
3316
3198
3317
3199
3318
3200
3319
3201
3320
3202
3321
3203
3322
3204
3323
3205
3324
3206
3325
3207
3326
3208
3327
3209
3328
3210
3329
3211
3330
3212
3331
3213
3332
3214
3333
3215
3334
3216
3335
3217
3336
3218
3337
3219
3338
3220
3339
3221
3340
3222
3341
3223
3342
3224
3343
3225
3344
3226
3345
3227
3346
3228
3347
3229
3348
3230
3349
3231
3350
3232
3351
3233
3352
3234
3353
3235
3354
3355
3237
3356
3238
3357
3239
3358
3240
3359
3241
3360
3242
3361
3243
3362
3244
3363
3245
3364
3246
3365
3247
3366
3248
3367
3249
3368
3250
3369
3251
3370
3252
3371
3253
3372
3254
3373
3255
3374
3256
3375
3257
3376
3258
3377
3259
3378
3260
3379
3261
3380
3262
3381
3263
3382
3264
3383
3265
3384
3266
3385
3267
3386
3268
3387
3269
3388
3270
3389
3271
3390
3272
3391
3273
3392
3274
3393
3275
3394
3276
3395
3277
3396
3278
3397
3279
3398
3280
3399
3281
3400
3282
3401
3283
3402
3284
3403
3285
3404
3286
3405
3287
3406
3288
3407
3289
3408
3290
3409
3291
3410
3292
3411
3293
3412
3294
3413
3295
3414
3296
3415
3297
3416
3298
3417
3299
3418
3300
3419
3301
3420
3302
3421
3303
3422
3304
3423
3305
3424
3306
3425
3307
3426
3308
3427
3309
3428
3310
3429
3311
3430
3312
3431
3313
3432
3314
3433
3315
3434
3316
3435
3317
3436
3318
3437
3319
3438
3320
3439
3321
3440
3322
3441
3323
3442
3324
3443
3325
3444
3326
3445
3327
3446
3328
3447
3329
3448
3330
3449
3331
3450
3332
3451
3333
3452
3334
3453
3335
3454
3336
3455
3337
3456
3338
3457
3339
3458
3340
3459
3341
3460
3342
3461
3343
3462
3344
3463
3345
3464
3346
3465
3347
3466
3348
3467
3349
3468
3350
3469
3351
3470
3352
3471
3353
3472
3354
3473
3355
3474
3475
3357
3677
3358
3678
3359
3679
3360
3680
3361
3681
3362
3682
3363
3683
3364
3684
3365
3685
3366
3686
3367
3687
3368
3688
3369
3689
3370
3690
3371
3691
3372
3692
3373
3693
3374
3694
3375
3695
3376
3696
3377
3697
3378
3698
3379
3699
3380
3700
3381
3701
3382
3702
3383
3703
3384
3704
3385
3705
3386
3706
3387
3707
3388
3708
3389
3709
3390
3710
3391
3711
3392
3712
3393
3713
3394
3714
3395
3715
3396
3716
3397
3717
3398
3718
3399
3719
3400
3720
3401
3721
3402
3722
3403
3723
3404
3724
3405
3725
3406
3726
3407
3727
3408
3728
3409
3729
3410
3730
3411
3731
3412
3732
3413
3733
3414
3734
3415
3735
3416
3736
3417
3737
3418
3738
3419
3739
3420
3740
3421
3741
3422
3742
3423
3743
3424
3744
3425
3745
3426
3746
3427
3747
3428
3748
3429
3749
3430
3750
3431
3751
3432
3752
3433
3753
3434
3754
3435
3755
3436
3756
3437
3757
3438
3758
3439
3759
3440
3760
3441
3761
3442
3762
3443
3763
3444
3764
3445
3765
3446
3766
3447
3767
3448
3768
3449
3769
3450
3770
3451
3771
3452
3772
3453
3773
3454
3774
3455
3775
3456
3776
3457
3777
3458
3778
3459
3779
3460
3780
3461
3781
3462
3782
3463
3783
3464
3784
3465
3785
3466
3786
3467
3787
3468
3788
3469
3789
3470
3790
3471
3791
3472
3792
3473
3793
3474
3794
3475
3795
3796
3477
3497
3478
3498
3479
3499
3480
3500
3481
3501
3482
3502
3483
3503
3484
3504
3485
3505
3486
3506
3487
3507
3488
3508
3489
3509
3490
3510
3491
3511
3492
3512
3493
3513
3494
3514
3495
3515
3496
3516
3517
3606
3498
3518
3499
3519
3500
3520
3501
3521
3502
3522
3503
3523
3504
3524
3505
3525
3506
3526
3507
3527
3508
3528
3509
3529
3510
3530
3511
3531
3512
3532
3513
3533
3514
3534
3515
3535
3516
3536
3517
3537
3538
3607
3519
3539
3520
3540
3521
3541
3522
3542
3523
3543
3524
3544
3525
3545
3526
3546
3527
3547
3528
3548
3529
3549
3530
3550
3531
3551
3532
3552
3533
3553
3534
3554
3535
3555
3536
3556
3537
3557
3538
3558
3559
3608
3540
3560
3541
3561
3542
3562
3543
3563
3544
3564
3545
3565
3546
3566
3547
3567
3548
3568
3549
3569
3550
3570
3551
3571
3552
3572
3553
3573
3554
3574
3555
3575
3556
3576
3557
3577
3558
3578
3559
3579
3580
3609
3561
4361
3562
4362
3563
4363
3564
4364
3565
4365
3566
4366
3567
4367
3568
4368
3569
4369
3570
4370
3571
4371
3572
4372
3573
4373
3574
4374
3575
4375
3576
4376
3577
4377
3578
4378
3579
4379
3580
4380
3610
4381
3582
3586
3615
3583
3587
3584
3588
3585
3589
3590
3917
3587
3591
3620
3588
3592
3589
3593
3590
3594
3595
3922
3592
3596
3625
3593
3597
3594
3598
3595
3599
3600
3927
3597
3601
3630
3598
3602
3599
3603
3600
3604
3605
3932
3602
3606
3635
3603
3607
3604
3608
3605
3609
3610
3937
3607
3640
3608
3609
3610
3942
3612
3616
3642
3613
3617
3614
3618
3615
3619
3620
3617
3621
3644
3618
3622
3619
3623
3620
3624
3625
3622
3626
3646
3623
3627
3624
3628
3625
3629
3630
3627
3631
3648
3628
3632
3629
3633
3630
3634
3635
3632
3636
3650
3633
3637
3634
3638
3635
3639
3640
3637
3652
3638
3639
3640
3642
3643
3995
3644
3644
3645
3996
3646
3646
3647
3997
3648
3648
3649
3998
3650
3650
3651
3999
3652
3652
3665
4000
3653
3654
3665
3655
3666
3656
3667
3657
3668
3658
3669
3659
3670
3660
3671
3661
3672
3662
3673
3663
3674
3664
3675
3676
3677
3666
3983
3667
3984
3668
3985
3669
3986
3670
3987
3671
3988
3672
3989
3673
3990
3674
3991
3675
3992
3676
3993
3797
3994
3678
3797
3679
3798
3680
3799
3681
3800
3682
3801
3683
3802
3684
3803
3685
3804
3686
3805
3687
3806
3688
3807
3689
3808
3690
3809
3691
3810
3692
3811
3693
3812
3694
3813
3695
3814
3696
3815
3697
3816
3698
3817
3699
3818
3700
3819
3701
3820
3702
3821
3703
3822
3704
3823
3705
3824
3706
3825
3707
3826
3708
3827
3709
3828
3710
3829
3711
3830
3712
3831
3713
3832
3714
3833
3715
3834
3716
3835
3717
3836
3718
3837
3719
3838
3720
3839
3721
3840
3722
3841
3723
3842
3724
3843
3725
3844
3726
3845
3727
3846
3728
3847
3729
3848
3730
3849
3731
3850
3732
3851
3733
3852
3734
3853
3735
3854
3736
3855
3737
3856
3738
3857
3739
3858
3740
3859
3741
3860
3742
3861
3743
3862
3744
3863
3745
3864
3746
3865
3747
3866
3748
3867
3749
3868
3750
3869
3751
3870
3752
3871
3753
3872
3754
3873
3755
3874
3756
3875
3757
3876
3758
3877
3759
3878
3760
3879
3761
3880
3762
3881
3763
3882
3764
3883
3765
3884
3766
3885
3767
3886
3768
3887
3769
3888
3770
3889
3771
3890
3772
3891
3773
3892
3774
3893
3775
3894
3776
3895
3777
3896
3778
3897
3779
3898
3780
3899
3781
3900
3782
3901
3783
3902
3784
3903
3785
3904
3786
3905
3787
3906
3788
3907
3789
3908
3790
3909
3791
3910
3792
3911
3793
3912
3794
3913
3795
3914
3796
3915
3916
3798
4001
3799
4002
3800
4003
3801
4004
3802
4005
3803
4006
3804
4007
3805
4008
3806
4009
3807
4010
3808
4011
3809
4012
3810
4013
3811
4014
3812
4015
3813
4016
3814
4017
3815
4018
3816
4019
3817
4020
3818
4021
3819
4022
3820
4023
3821
4024
3822
4025
3823
4026
3824
4027
3825
4028
3826
4029
3827
4030
3828
4031
3829
4032
3830
4033
3831
4034
3832
4035
3833
4036
3834
4037
3835
4038
3836
4039
3837
4040
3838
4041
3839
4042
3840
4043
3841
4044
3842
4045
3843
4046
3844
4047
3845
4048
3846
4049
3847
4050
3848
4051
3849
4052
3850
4053
3851
4054
3852
4055
3853
4056
3854
4057
3855
4058
3856
4059
3857
4060
3858
4061
3859
4062
3860
4063
3861
4064
3862
4065
3863
4066
3864
4067
3865
4068
3866
4069
3867
4070
3868
4071
3869
4072
3870
4073
3871
4074
3872
4075
3873
4076
3874
4077
3875
4078
3876
4079
3877
4080
3878
4081
3879
4082
3880
4083
3881
4084
3882
4085
3883
4086
3884
4087
3885
4088
3886
4089
3887
4090
3888
4091
3889
4092
3890
4093
3891
4094
3892
4095
3893
4096
3894
4097
3895
4098
3896
4099
3897
4100
3898
4101
3899
4102
3900
4103
3901
4104
3902
4105
3903
4106
3904
4107
3905
4108
3906
4109
3907
4110
3908
4111
3909
4112
3910
4113
3911
4114
3912
4115
3913
4116
3914
4117
3915
4118
3916
4119
4120
3918
3922
3919
3923
3920
3924
3921
3925
3926
3947
3923
3927
3924
3928
3925
3929
3926
3930
3931
3949
3928
3932
3929
3933
3930
3934
3931
3935
3936
3951
3933
3937
3934
3938
3935
3939
3936
3940
3941
3953
3938
3942
3939
3943
3940
3944
3941
3945
3946
3955
3943
4844
3944
4845
3945
4846
3946
4847
3957
4848
3948
3949
3950
3995
3950
3951
3952
3996
3952
3953
3954
3997
3954
3955
3956
3998
3956
3957
3958
3999
3958
3971
3959
4000
3960
3971
3983
3961
3972
3984
3962
3973
3985
3963
3974
3986
3964
3975
3987
3965
3976
3988
3966
3977
3989
3967
3978
3990
3968
3979
3991
3969
3980
3992
3970
3981
3993
3982
3994
4121
3972
4959
3973
4960
3974
4961
3975
4962
3976
4963
3977
4964
3978
4965
3979
4966
3980
4967
3981
4968
3982
4969
4241
4970
3984
4000
3985
3986
3987
3988
3989
3990
3991
3992
3993
3994
4001
3996
3997
3998
3999
4000
4002
4121
4003
4122
4004
4123
4005
4124
4006
4125
4007
4126
4008
4127
4009
4128
4010
4129
4011
4130
4012
4131
4013
4132
4014
4133
4015
4134
4016
4135
4017
4136
4018
4137
4019
4138
4020
4139
4021
4140
4022
4141
4023
4142
4024
4143
4025
4144
4026
4145
4027
4146
4028
4147
4029
4148
4030
4149
4031
4150
4032
4151
4033
4152
4034
4153
4035
4154
4036
4155
4037
4156
4038
4157
4039
4158
4040
4159
4041
4160
4042
4161
4043
4162
4044
4163
4045
4164
4046
4165
4047
4166
4048
4167
4049
4168
4050
4169
4051
4170
4052
4171
4053
4172
4054
4173
4055
4174
4056
4175
4057
4176
4058
4177
4059
4178
4060
4179
4061
4180
4062
4181
4063
4182
4064
4183
4065
4184
4066
4185
4067
4186
4068
4187
4069
4188
4070
4189
4071
4190
4072
4191
4073
4192
4074
4193
4075
4194
4076
4195
4077
4196
4078
4197
4079
4198
4080
4199
4081
4200
4082
4201
4083
4202
4084
4203
4085
4204
4086
4205
4087
4206
4088
4207
4089
4208
4090
4209
4091
4210
4092
4211
4093
4212
4094
4213
4095
4214
4096
4215
4097
4216
4098
4217
4099
4218
4100
4219
4101
4220
4102
4221
4103
4222
4104
4223
4105
4224
4106
4225
4107
4226
4108
4227
4109
4228
4110
4229
4111
4230
4112
4231
4113
4232
4114
4233
4115
4234
4116
4235
4117
4236
4118
4237
4119
4238
4120
4239
4240
4122
4241
4123
4242
4124
4243
4125
4244
4126
4245
4127
4246
4128
4247
4129
4248
4130
4249
4131
4250
4132
4251
4133
4252
4134
4253
4135
4254
4136
4255
4137
4256
4138
4257
4139
4258
4140
4259
4141
4260
4142
4261
4143
4262
4144
4263
4145
4264
4146
4265
4147
4266
4148
4267
4149
4268
4150
4269
4151
4270
4152
4271
4153
4272
4154
4273
4155
4274
4156
4275
4157
4276
4158
4277
4159
4278
4160
4279
4161
4280
4162
4281
4163
4282
4164
4283
4165
4284
4166
4285
4167
4286
4168
4287
4169
4288
4170
4289
4171
4290
4172
4291
4173
4292
4174
4293
4175
4294
4176
4295
4177
4296
4178
4297
4179
4298
4180
4299
4181
4300
4182
4301
4183
4302
4184
4303
4185
4304
4186
4305
4187
4306
4188
4307
4189
4308
4190
4309
4191
4310
4192
4311
4193
4312
4194
4313
4195
4314
4196
4315
4197
4316
4198
4317
4199
4318
4200
4319
4201
4320
4202
4321
4203
4322
4204
4323
4205
4324
4206
4325
4207
4326
4208
4327
4209
4328
4210
4329
4211
4330
4212
4331
4213
4332
4214
4333
4215
4334
4216
4335
4217
4336
4218
4337
4219
4338
4220
4339
4221
4340
4222
4341
4223
4342
4224
4343
4225
4344
4226
4345
4227
4346
4228
4347
4229
4348
4230
4349
4231
4350
4232
4351
4233
4352
4234
4353
4235
4354
4236
4355
4237
4356
4238
4357
4239
4358
4240
4359
4360
4242
5235
4243
5236
4244
5237
4245
5238
4246
5239
4247
5240
4248
5241
4249
5242
4250
5243
4251
5244
4252
5245
4253
5246
4254
5247
4255
5248
4256
5249
4257
5250
4258
5251
4259
5252
4260
5253
4261
5254
4262
5255
4263
5256
4264
5257
4265
5258
4266
5259
4267
5260
4268
5261
4269
5262
4270
5263
4271
5264
4272
5265
4273
5266
4274
5267
4275
5268
4276
5269
4277
5270
4278
5271
4279
5272
4280
5273
4281
5274
4282
5275
4283
5276
4284
5277
4285
5278
4286
5279
4287
5280
4288
5281
4289
5282
4290
5283
4291
5284
4292
5285
4293
5286
4294
5287
4295
5288
4296
5289
4297
5290
4298
5291
4299
5292
4300
5293
4301
5294
4302
5295
4303
5296
4304
5297
4305
5298
4306
5299
4307
5300
4308
5301
4309
5302
4310
5303
4311
5304
4312
5305
4313
5306
4314
5307
4315
5308
4316
5309
4317
5310
4318
5311
4319
5312
4320
5313
4321
5314
4322
5315
4323
5316
4324
5317
4325
5318
4326
5319
4327
5320
4328
5321
4329
5322
4330
5323
4331
5324
4332
5325
4333
5326
4334
5327
4335
5328
4336
5329
4337
5330
4338
5331
4339
5332
4340
5333
4341
5334
4342
5335
4343
5336
4344
5337
4345
5338
4346
5339
4347
5340
4348
5341
4349
5342
4350
5343
4351
5344
4352
5345
4353
5346
4354
5347
4355
5348
4356
5349
4357
5350
4358
5351
4359
5352
4360
5353
5354
4362
4382
4363
4383
4364
4384
4365
4385
4366
4386
4367
4387
4368
4388
4369
4389
4370
4390
4371
4391
4372
4392
4373
4393
4374
4394
4375
4395
4376
4396
4377
4397
4378
4398
4379
4399
4380
4400
4381
4401
4402
4844
4383
4403
4384
4404
4385
4405
4386
4406
4387
4407
4388
4408
4389
4409
4390
4410
4391
4411
4392
4412
4393
4413
4394
4414
4395
4415
4396
4416
4397
4417
4398
4418
4399
4419
4400
4420
4401
4421
4402
4422
4423
4849
4404
4424
4405
4425
4406
4426
4407
4427
4408
4428
4409
4429
4410
4430
4411
4431
4412
4432
4413
4433
4414
4434
4415
4435
4416
4436
4417
4437
4418
4438
4419
4439
4420
4440
4421
4441
4422
4442
4423
4443
4444
4854
4425
4445
4426
4446
4427
4447
4428
4448
4429
4449
4430
4450
4431
4451
4432
4452
4433
4453
4434
4454
4435
4455
4436
4456
4437
4457
4438
4458
4439
4459
4440
4460
4441
4461
4442
4462
4443
4463
4444
4464
4465
4859
4446
4466
4447
4467
4448
4468
4449
4469
4450
4470
4451
4471
4452
4472
4453
4473
4454
4474
4455
4475
4456
4476
4457
4477
4458
4478
4459
4479
4460
4480
4461
4481
4462
4482
4463
4483
4464
4484
4465
4485
4486
4864
4467
4487
4468
4488
4469
4489
4470
4490
4471
4491
4472
4492
4473
4493
4474
4494
4475
4495
4476
4496
4477
4497
4478
4498
4479
4499
4480
4500
4481
4501
4482
4502
4483
4503
4484
4504
4485
4505
4486
4506
4507
4869
4488
4508
4489
4509
4490
4510
4491
4511
4492
4512
4493
4513
4494
4514
4495
4515
4496
4516
4497
4517
4498
4518
4499
4519
4500
4520
4501
4521
4502
4522
4503
4523
4504
4524
4505
4525
4506
4526
4507
4527
4528
4874
4509
4529
4510
4530
4511
4531
4512
4532
4513
4533
4514
4534
4515
4535
4516
4536
4517
4537
4518
4538
4519
4539
4520
4540
4521
4541
4522
4542
4523
4543
4524
4544
4525
4545
4526
4546
4527
4547
4528
4548
4549
4879
4530
4550
4531
4551
4532
4552
4533
4553
4534
4554
4535
4555
4536
4556
4537
4557
4538
4558
4539
4559
4540
4560
4541
4561
4542
4562
4543
4563
4544
4564
4545
4565
4546
4566
4547
4567
4548
4568
4549
4569
4570
4884
4551
4571
4552
4572
4553
4573
4554
4574
4555
4575
4556
4576
4557
4577
4558
4578
4559
4579
4560
4580
4561
4581
4562
4582
4563
4583
4564
4584
4565
4585
4566
4586
4567
4587
4568
4588
4569
4589
4570
4590
4591
4889
4572
4592
4573
4593
4574
4594
4575
4595
4576
4596
4577
4597
4578
4598
4579
4599
4580
4600
4581
4601
4582
4602
4583
4603
4584
4604
4585
4605
4586
4606
4587
4607
4588
4608
4589
4609
4590
4610
4591
4611
4612
4894
4593
4613
4594
4614
4595
4615
4596
4616
4597
4617
4598
4618
4599
4619
4600
4620
4601
4621
4602
4622
4603
4623
4604
4624
4605
4625
4606
4626
4607
4627
4608
4628
4609
4629
4610
4630
4611
4631
4612
4632
4633
4899
4614
4634
4615
4635
4616
4636
4617
4637
4618
4638
4619
4639
4620
4640
4621
4641
4622
4642
4623
4643
4624
4644
4625
4645
4626
4646
4627
4647
4628
4648
4629
4649
4630
4650
4631
4651
4632
4652
4633
4653
4654
4904
4635
4655
4636
4656
4637
4657
4638
4658
4639
4659
4640
4660
4641
4661
4642
4662
4643
4663
4644
4664
4645
4665
4646
4666
4647
4667
4648
4668
4649
4669
4650
4670
4651
4671
4652
4672
4653
4673
4654
4674
4675
4909
4656
4676
4657
4677
4658
4678
4659
4679
4660
4680
4661
4681
4662
4682
4663
4683
4664
4684
4665
4685
4666
4686
4667
4687
4668
4688
4669
4689
4670
4690
4671
4691
4672
4692
4673
4693
4674
4694
4675
4695
4696
4914
4677
4697
4678
4698
4679
4699
4680
4700
4681
4701
4682
4702
4683
4703
4684
4704
4685
4705
4686
4706
4687
4707
4688
4708
4689
4709
4690
4710
4691
4711
4692
4712
4693
4713
4694
4714
4695
4715
4696
4716
4717
4919
4698
4718
4699
4719
4700
4720
4701
4721
4702
4722
4703
4723
4704
4724
4705
4725
4706
4726
4707
4727
4708
4728
4709
4729
4710
4730
4711
4731
4712
4732
4713
4733
4714
4734
4715
4735
4716
4736
4717
4737
4738
4924
4719
4739
4720
4740
4721
4741
4722
4742
4723
4743
4724
4744
4725
4745
4726
4746
4727
4747
4728
4748
4729
4749
4730
4750
4731
4751
4732
4752
4733
4753
4734
4754
4735
4755
4736
4756
4737
4757
4738
4758
4759
4929
4740
4760
4741
4761
4742
4762
4743
4763
4744
4764
4745
4765
4746
4766
4747
4767
4748
4768
4749
4769
4750
4770
4751
4771
4752
4772
4753
4773
4754
4774
4755
4775
4756
4776
4757
4777
4758
4778
4759
4779
4780
4934
4761
4781
4762
4782
4763
4783
4764
4784
4765
4785
4766
4786
4767
4787
4768
4788
4769
4789
4770
4790
4771
4791
4772
4792
4773
4793
4774
4794
4775
4795
4776
4796
4777
4797
4778
4798
4779
4799
4780
4800
4801
4939
4782
4802
4783
4803
4784
4804
4785
4805
4786
4806
4787
4807
4788
4808
4789
4809
4790
4810
4791
4811
4792
4812
4793
4813
4794
4814
4795
4815
4796
4816
4797
4817
4798
4818
4799
4819
4800
4820
4801
4821
4822
4944
4803
4823
4804
4824
4805
4825
4806
4826
4807
4827
4808
4828
4809
4829
4810
4830
4811
4831
4812
4832
4813
4833
4814
4834
4815
4835
4816
4836
4817
4837
4818
4838
4819
4839
4820
4840
4821
4841
4822
4842
4843
4949
4824
4825
4826
4827
4828
4829
4830
4831
4832
4833
4834
4835
4836
4837
4838
4839
4840
4841
4842
4843
4954
4845
4849
4846
4850
4847
4851
4848
4852
4853
4959
4850
4854
4851
4855
4852
4856
4853
4857
4858
4971
4855
4859
4856
4860
4857
4861
4858
4862
4863
4983
4860
4864
4861
4865
4862
4866
4863
4867
4868
4995
4865
4869
4866
4870
4867
4871
4868
4872
4873
5007
4870
4874
4871
4875
4872
4876
4873
4877
4878
5019
4875
4879
4876
4880
4877
4881
4878
4882
4883
5031
4880
4884
4881
4885
4882
4886
4883
4887
4888
5043
4885
4889
4886
4890
4887
4891
4888
4892
4893
5055
4890
4894
4891
4895
4892
4896
4893
4897
4898
5067
4895
4899
4896
4900
4897
4901
4898
4902
4903
5079
4900
4904
4901
4905
4902
4906
4903
4907
4908
5091
4905
4909
4906
4910
4907
4911
4908
4912
4913
5103
4910
4914
4911
4915
4912
4916
4913
4917
4918
5115
4915
4919
4916
4920
4917
4921
4918
4922
4923
5127
4920
4924
4921
4925
4922
4926
4923
4927
4928
5139
4925
4929
4926
4930
4927
4931
4928
4932
4933
5151
4930
4934
4931
4935
4932
4936
4933
4937
4938
5163
4935
4939
4936
4940
4937
4941
4938
4942
4943
5175
4940
4944
4941
4945
4942
4946
4943
4947
4948
5187
4945
4949
4946
4950
4947
4951
4948
4952
4953
5199
4950
4954
4951
4955
4952
4956
4953
4957
4958
5211
4955
4956
4957
4958
5223
4960
4971
4961
4972
4962
4973
4963
4974
4964
4975
4965
4976
4966
4977
4967
4978
4968
4979
4969
4980
4970
4981
4982
5235
4972
4983
4973
4984
4974
4985
4975
4986
4976
4987
4977
4988
4978
4989
4979
4990
4980
4991
4981
4992
4982
4993
4994
5355
4984
4995
4985
4996
4986
4997
4987
4998
4988
4999
4989
5000
4990
5001
4991
5002
4992
5003
4993
5004
4994
5005
5006
5475
4996
5007
4997
5008
4998
5009
4999
5010
5000
5011
5001
5012
5002
5013
5003
5014
5004
5015
5005
5016
5006
5017
5018
5595
5008
5019
5009
5020
5010
5021
5011
5022
5012
5023
5013
5024
5014
5025
5015
5026
5016
5027
5017
5028
5018
5029
5030
5715
5020
5031
5021
5032
5022
5033
5023
5034
5024
5035
5025
5036
5026
5037
5027
5038
5028
5039
5029
5040
5030
5041
5042
5835
5032
5043
5033
5044
5034
5045
5035
5046
5036
5047
5037
5048
5038
5049
5039
5050
5040
5051
5041
5052
5042
5053
5054
5955
5044
5055
5045
5056
5046
5057
5047
5058
5048
5059
5049
5060
5050
5061
5051
5062
5052
5063
5053
5064
5054
5065
5066
6075
5056
5067
5057
5068
5058
5069
5059
5070
5060
5071
5061
5072
5062
5073
5063
5074
5064
5075
5065
5076
5066
5077
5078
6195
5068
5079
5069
5080
5070
5081
5071
5082
5072
5083
5073
5084
5074
5085
5075
5086
5076
5087
5077
5088
5078
5089
5090
6315
5080
5091
5081
5092
5082
5093
5083
5094
5084
5095
5085
5096
5086
5097
5087
5098
5088
5099
5089
5100
5090
5101
5102
6435
5092
5103
5093
5104
5094
5105
5095
5106
5096
5107
5097
5108
5098
5109
5099
5110
5100
5111
5101
5112
5102
5113
5114
6555
5104
5115
5105
5116
5106
5117
5107
5118
5108
5119
5109
5120
5110
5121
5111
5122
5112
5123
5113
5124
5114
5125
5126
6675
5116
5127
5117
5128
5118
5129
5119
5130
5120
5131
5121
5132
5122
5133
5123
5134
5124
5135
5125
5136
5126
5137
5138
6795
5128
5139
5129
5140
5130
5141
5131
5142
5132
5143
5133
5144
5134
5145
5135
5146
5136
5147
5137
5148
5138
5149
5150
6915
5140
5151
5141
5152
5142
5153
5143
5154
5144
5155
5145
5156
5146
5157
5147
5158
5148
5159
5149
5160
5150
5161
5162
7035
5152
5163
5153
5164
5154
5165
5155
5166
5156
5167
5157
5168
5158
5169
5159
5170
5160
5171
5161
5172
5162
5173
5174
7155
5164
5175
5165
5176
5166
5177
5167
5178
5168
5179
5169
5180
5170
5181
5171
5182
5172
5183
5173
5184
5174
5185
5186
7275
5176
5187
5177
5188
5178
5189
5179
5190
5180
5191
5181
5192
5182
5193
5183
5194
5184
5195
5185
5196
5186
5197
5198
7395
5188
5199
5189
5200
5190
5201
5191
5202
5192
5203
5193
5204
5194
5205
5195
5206
5196
5207
5197
5208
5198
5209
5210
7515
5200
5211
5201
5212
5202
5213
5203
5214
5204
5215
5205
5216
5206
5217
5207
5218
5208
5219
5209
5220
5210
5221
5222
7635
5212
5223
5213
5224
5214
5225
5215
5226
5216
5227
5217
5228
5218
5229
5219
5230
5220
5231
5221
5232
5222
5233
5234
7755
5224
5225
5226
5227
5228
5229
5230
5231
5232
5233
5234
7875
5236
5355
5237
5356
5238
5357
5239
5358
5240
5359
5241
5360
5242
5361
5243
5362
5244
5363
5245
5364
5246
5365
5247
5366
5248
5367
5249
5368
5250
5369
5251
5370
5252
5371
5253
5372
5254
5373
5255
5374
5256
5375
5257
5376
5258
5377
5259
5378
5260
5379
5261
5380
5262
5381
5263
5382
5264
5383
5265
5384
5266
5385
5267
5386
5268
5387
5269
5388
5270
5389
5271
5390
5272
5391
5273
5392
5274
5393
5275
5394
5276
5395
5277
5396
5278
5397
5279
5398
5280
5399
5281
5400
5282
5401
5283
5402
5284
5403
5285
5404
5286
5405
5287
5406
5288
5407
5289
5408
5290
5409
5291
5410
5292
5411
5293
5412
5294
5413
5295
5414
5296
5415
5297
5416
5298
5417
5299
5418
5300
5419
5301
5420
5302
5421
5303
5422
5304
5423
5305
5424
5306
5425
5307
5426
5308
5427
5309
5428
5310
5429
5311
5430
5312
5431
5313
5432
5314
5433
5315
5434
5316
5435
5317
5436
5318
5437
5319
5438
5320
5439
5321
5440
5322
5441
5323
5442
5324
5443
5325
5444
5326
5445
5327
5446
5328
5447
5329
5448
5330
5449
5331
5450
5332
5451
5333
5452
5334
5453
5335
5454
5336
5455
5337
5456
5338
5457
5339
5458
5340
5459
5341
5460
5342
5461
5343
5462
5344
5463
5345
5464
5346
5465
5347
5466
5348
5467
5349
5468
5350
5469
5351
5470
5352
5471
5353
5472
5354
5473
5474
5356
5475
5357
5476
5358
5477
5359
5478
5360
5479
5361
5480
5362
5481
5363
5482
5364
5483
5365
5484
5366
5485
5367
5486
5368
5487
5369
5488
5370
5489
5371
5490
5372
5491
5373
5492
5374
5493
5375
5494
5376
5495
5377
5496
5378
5497
5379
5498
5380
5499
5381
5500
5382
5501
5383
5502
5384
5503
5385
5504
5386
5505
5387
5506
5388
5507
5389
5508
5390
5509
5391
5510
5392
5511
5393
5512
5394
5513
5395
5514
5396
5515
5397
5516
5398
5517
5399
5518
5400
5519
5401
5520
5402
5521
5403
5522
5404
5523
5405
5524
5406
5525
5407
5526
5408
5527
5409
5528
5410
5529
5411
5530
5412
5531
5413
5532
5414
5533
5415
5534
5416
5535
5417
5536
5418
5537
5419
5538
5420
5539
5421
5540
5422
5541
5423
5542
5424
5543
5425
5544
5426
5545
5427
5546
5428
5547
5429
5548
5430
5549
5431
5550
5432
5551
5433
5552
5434
5553
5435
5554
5436
5555
5437
5556
5438
5557
5439
5558
5440
5559
5441
5560
5442
5561
5443
5562
5444
5563
5445
5564
5446
5565
5447
5566
5448
5567
5449
5568
5450
5569
5451
5570
5452
5571
5453
5572
5454
5573
5455
5574
5456
5575
5457
5576
5458
5577
5459
5578
5460
5579
5461
5580
5462
5581
5463
5582
5464
5583
5465
5584
5466
5585
5467
5586
5468
5587
5469
5588
5470
5589
5471
5590
5472
5591
5473
5592
5474
5593
5594
5476
5595
5477
5596
5478
5597
5479
5598
5480
5599
5481
5600
5482
5601
5483
5602
5484
5603
5485
5604
5486
5605
5487
5606
5488
5607
5489
5608
5490
5609
5491
5610
5492
5611
5493
5612
5494
5613
5495
5614
5496
5615
5497
5616
5498
5617
5499
5618
5500
5619
5501
5620
5502
5621
5503
5622
5504
5623
5505
5624
5506
5625
5507
5626
5508
5627
5509
5628
5510
5629
5511
5630
5512
5631
5513
5632
5514
5633
5515
5634
5516
5635
5517
5636
5518
5637
5519
5638
5520
5639
5521
5640
5522
5641
5523
5642
5524
5643
5525
5644
5526
5645
5527
5646
5528
5647
5529
5648
5530
5649
5531
5650
5532
5651
5533
5652
5534
5653
5535
5654
5536
5655
5537
5656
5538
5657
5539
5658
5540
5659
5541
5660
5542
5661
5543
5662
5544
5663
5545
5664
5546
5665
5547
5666
5548
5667
5549
5668
5550
5669
5551
5670
5552
5671
5553
5672
5554
5673
5555
5674
5556
5675
5557
5676
5558
5677
5559
5678
5560
5679
5561
5680
5562
5681
5563
5682
5564
5683
5565
5684
5566
5685
5567
5686
5568
5687
5569
5688
5570
5689
5571
5690
5572
5691
5573
5692
5574
5693
5575
5694
5576
5695
5577
5696
5578
5697
5579
5698
5580
5699
5581
5700
5582
5701
5583
5702
5584
5703
5585
5704
5586
5705
5587
5706
5588
5707
5589
5708
5590
5709
5591
5710
5592
5711
5593
5712
5594
5713
5714
5596
5715
5597
5716
5598
5717
5599
5718
5600
5719
5601
5720
5602
5721
5603
5722
5604
5723
5605
5724
5606
5725
5607
5726
5608
5727
5609
5728
5610
5729
5611
5730
5612
5731
5613
5732
5614
5733
5615
5734
5616
5735
5617
5736
5618
5737
5619
5738
5620
5739
5621
5740
5622
5741
5623
5742
5624
5743
5625
5744
5626
5745
5627
5746
5628
5747
5629
5748
5630
5749
5631
5750
5632
5751
5633
5752
5634
5753
5635
5754
5636
5755
5637
5756
5638
5757
5639
5758
5640
5759
5641
5760
5642
5761
5643
5762
5644
5763
5645
5764
5646
5765
5647
5766
5648
5767
5649
5768
5650
5769
5651
5770
5652
5771
5653
5772
5654
5773
5655
5774
5656
5775
5657
5776
5658
5777
5659
5778
5660
5779
5661
5780
5662
5781
5663
5782
5664
5783
5665
5784
5666
5785
5667
5786
5668
5787
5669
5788
5670
5789
5671
5790
5672
5791
5673
5792
5674
5793
5675
5794
5676
5795
5677
5796
5678
5797
5679
5798
5680
5799
5681
5800
5682
5801
5683
5802
5684
5803
5685
5804
5686
5805
5687
5806
5688
5807
5689
5808
5690
5809
5691
5810
5692
5811
5693
5812
5694
5813
5695
5814
5696
5815
5697
5816
5698
5817
5699
5818
5700
5819
5701
5820
5702
5821
5703
5822
5704
5823
5705
5824
5706
5825
5707
5826
5708
5827
5709
5828
5710
5829
5711
5830
5712
5831
5713
5832
5714
5833
5834
5716
5835
5717
5836
5718
5837
5719
5838
5720
5839
5721
5840
5722
5841
5723
5842
5724
5843
5725
5844
5726
5845
5727
5846
5728
5847
5729
5848
5730
5849
5731
5850
5732
5851
5733
5852
5734
5853
5735
5854
5736
5855
5737
5856
5738
5857
5739
5858
5740
5859
5741
5860
5742
5861
5743
5862
5744
5863
5745
5864
5746
5865
5747
5866
5748
5867
5749
5868
5750
5869
5751
5870
5752
5871
5753
5872
5754
5873
5755
5874
5756
5875
5757
5876
5758
5877
5759
5878
5760
5879
5761
5880
5762
5881
5763
5882
5764
5883
5765
5884
5766
5885
5767
5886
5768
5887
5769
5888
5770
5889
5771
5890
5772
5891
5773
5892
5774
5893
5775
5894
5776
5895
5777
5896
5778
5897
5779
5898
5780
5899
5781
5900
5782
5901
5783
5902
5784
5903
5785
5904
5786
5905
5787
5906
5788
5907
5789
5908
5790
5909
5791
5910
5792
5911
5793
5912
5794
5913
5795
5914
5796
5915
5797
5916
5798
5917
5799
5918
5800
5919
5801
5920
5802
5921
5803
5922
5804
5923
5805
5924
5806
5925
5807
5926
5808
5927
5809
5928
5810
5929
5811
5930
5812
5931
5813
5932
5814
5933
5815
5934
5816
5935
5817
5936
5818
5937
5819
5938
5820
5939
5821
5940
5822
5941
5823
5942
5824
5943
5825
5944
5826
5945
5827
5946
5828
5947
5829
5948
5830
5949
5831
5950
5832
5951
5833
5952
5834
5953
5954
5836
5955
5837
5956
5838
5957
5839
5958
5840
5959
5841
5960
5842
5961
5843
5962
5844
5963
5845
5964
5846
5965
5847
5966
5848
5967
5849
5968
5850
5969
5851
5970
5852
5971
5853
5972
5854
5973
5855
5974
5856
5975
5857
5976
5858
5977
5859
5978
5860
5979
5861
5980
5862
5981
5863
5982
5864
5983
5865
5984
5866
5985
5867
5986
5868
5987
5869
5988
5870
5989
5871
5990
5872
5991
5873
5992
5874
5993
5875
5994
5876
5995
5877
5996
5878
5997
5879
5998
5880
5999
5881
6000
5882
6001
5883
6002
5884
6003
5885
6004
5886
6005
5887
6006
5888
6007
5889
6008
5890
6009
5891
6010
5892
6011
5893
6012
5894
6013
5895
6014
5896
6015
5897
6016
5898
6017
5899
6018
5900
6019
5901
6020
5902
6021
5903
6022
5904
6023
5905
6024
5906
6025
5907
6026
5908
6027
5909
6028
5910
6029
5911
6030
5912
6031
5913
6032
5914
6033
5915
6034
5916
6035
5917
6036
5918
6037
5919
6038
5920
6039
5921
6040
5922
6041
5923
6042
5924
6043
5925
6044
5926
6045
5927
6046
5928
6047
5929
6048
5930
6049
5931
6050
5932
6051
5933
6052
5934
6053
5935
6054
5936
6055
5937
6056
5938
6057
5939
6058
5940
6059
5941
6060
5942
6061
5943
6062
5944
6063
5945
6064
5946
6065
5947
6066
5948
6067
5949
6068
5950
6069
5951
6070
5952
6071
5953
6072
5954
6073
6074
5956
6075
5957
6076
5958
6077
5959
6078
5960
6079
5961
6080
5962
6081
5963
6082
5964
6083
5965
6084
5966
6085
5967
6086
5968
6087
5969
6088
5970
6089
5971
6090
5972
6091
5973
6092
5974
6093
5975
6094
5976
6095
5977
6096
5978
6097
5979
6098
5980
6099
5981
6100
5982
6101
5983
6102
5984
6103
5985
6104
5986
6105
5987
6106
5988
6107
5989
6108
5990
6109
5991
6110
5992
6111
5993
6112
5994
6113
5995
6114
5996
6115
5997
6116
5998
6117
5999
6118
6000
6119
6001
6120
6002
6121
6003
6122
6004
6123
6005
6124
6006
6125
6007
6126
6008
6127
6009
6128
6010
6129
6011
6130
6012
6131
6013
6132
6014
6133
6015
6134
6016
6135
6017
6136
6018
6137
6019
6138
6020
6139
6021
6140
6022
6141
6023
6142
6024
6143
6025
6144
6026
6145
6027
6146
6028
6147
6029
6148
6030
6149
6031
6150
6032
6151
6033
6152
6034
6153
6035
6154
6036
6155
6037
6156
6038
6157
6039
6158
6040
6159
6041
6160
6042
6161
6043
6162
6044
6163
6045
6164
6046
6165
6047
6166
6048
6167
6049
6168
6050
6169
6051
6170
6052
6171
6053
6172
6054
6173
6055
6174
6056
6175
6057
6176
6058
6177
6059
6178
6060
6179
6061
6180
6062
6181
6063
6182
6064
6183
6065
6184
6066
6185
6067
6186
6068
6187
6069
6188
6070
6189
6071
6190
6072
6191
6073
6192
6074
6193
6194
6076
6195
6077
6196
6078
6197
6079
6198
6080
6199
6081
6200
6082
6201
6083
6202
6084
6203
6085
6204
6086
6205
6087
6206
6088
6207
6089
6208
6090
6209
6091
6210
6092
6211
6093
6212
6094
6213
6095
6214
6096
6215
6097
6216
6098
6217
6099
6218
6100
6219
6101
6220
6102
6221
6103
6222
6104
6223
6105
6224
6106
6225
6107
6226
6108
6227
6109
6228
6110
6229
6111
6230
6112
6231
6113
6232
6114
6233
6115
6234
6116
6235
6117
6236
6118
6237
6119
6238
6120
6239
6121
6240
6122
6241
6123
6242
6124
6243
6125
6244
6126
6245
6127
6246
6128
6247
6129
6248
6130
6249
6131
6250
6132
6251
6133
6252
6134
6253
6135
6254
6136
6255
6137
6256
6138
6257
6139
6258
6140
6259
6141
6260
6142
6261
6143
6262
6144
6263
6145
6264
6146
6265
6147
6266
6148
6267
6149
6268
6150
6269
6151
6270
6152
6271
6153
6272
6154
6273
6155
6274
6156
6275
6157
6276
6158
6277
6159
6278
6160
6279
6161
6280
6162
6281
6163
6282
6164
6283
6165
6284
6166
6285
6167
6286
6168
6287
6169
6288
6170
6289
6171
6290
6172
6291
6173
6292
6174
6293
6175
6294
6176
6295
6177
6296
6178
6297
6179
6298
6180
6299
6181
6300
6182
6301
6183
6302
6184
6303
6185
6304
6186
6305
6187
6306
6188
6307
6189
6308
6190
6309
6191
6310
6192
6311
6193
6312
6194
6313
6314
6196
6315
6197
6316
6198
6317
6199
6318
6200
6319
6201
6320
6202
6321
6203
6322
6204
6323
6205
6324
6206
6325
6207
6326
6208
6327
6209
6328
6210
6329
6211
6330
6212
6331
6213
6332
6214
6333
6215
6334
6216
6335
6217
6336
6218
6337
6219
6338
6220
6339
6221
6340
6222
6341
6223
6342
6224
6343
6225
6344
6226
6345
6227
6346
6228
6347
6229
6348
6230
6349
6231
6350
6232
6351
6233
6352
6234
6353
6235
6354
6236
6355
6237
6356
6238
6357
6239
6358
6240
6359
6241
6360
6242
6361
6243
6362
6244
6363
6245
6364
6246
6365
6247
6366
6248
6367
6249
6368
6250
6369
6251
6370
6252
6371
6253
6372
6254
6373
6255
6374
6256
6375
6257
6376
6258
6377
6259
6378
6260
6379
6261
6380
6262
6381
6263
6382
6264
6383
6265
6384
6266
6385
6267
6386
6268
6387
6269
6388
6270
6389
6271
6390
6272
6391
6273
6392
6274
6393
6275
6394
6276
6395
6277
6396
6278
6397
6279
6398
6280
6399
6281
6400
6282
6401
6283
6402
6284
6403
6285
6404
6286
6405
6287
6406
6288
6407
6289
6408
6290
6409
6291
6410
6292
6411
6293
6412
6294
6413
6295
6414
6296
6415
6297
6416
6298
6417
6299
6418
6300
6419
6301
6420
6302
6421
6303
6422
6304
6423
6305
6424
6306
6425
6307
6426
6308
6427
6309
6428
6310
6429
6311
6430
6312
6431
6313
6432
6314
6433
6434
6316
6435
6317
6436
6318
6437
6319
6438
6320
6439
6321
6440
6322
6441
6323
6442
6324
6443
6325
6444
6326
6445
6327
6446
6328
6447
6329
6448
6330
6449
6331
6450
6332
6451
6333
6452
6334
6453
6335
6454
6336
6455
6337
6456
6338
6457
6339
6458
6340
6459
6341
6460
6342
6461
6343
6462
6344
6463
6345
6464
6346
6465
6347
6466
6348
6467
6349
6468
6350
6469
6351
6470
6352
6471
6353
6472
6354
6473
6355
6474
6356
6475
6357
6476
6358
6477
6359
6478
6360
6479
6361
6480
6362
6481
6363
6482
6364
6483
6365
6484
6366
6485
6367
6486
6368
6487
6369
6488
6370
6489
6371
6490
6372
6491
6373
6492
6374
6493
6375
6494
6376
6495
6377
6496
6378
6497
6379
6498
6380
6499
6381
6500
6382
6501
6383
6502
6384
6503
6385
6504
6386
6505
6387
6506
6388
6507
6389
6508
6390
6509
6391
6510
6392
6511
6393
6512
6394
6513
6395
6514
6396
6515
6397
6516
6398
6517
6399
6518
6400
6519
6401
6520
6402
6521
6403
6522
6404
6523
6405
6524
6406
6525
6407
6526
6408
6527
6409
6528
6410
6529
6411
6530
6412
6531
6413
6532
6414
6533
6415
6534
6416
6535
6417
6536
6418
6537
6419
6538
6420
6539
6421
6540
6422
6541
6423
6542
6424
6543
6425
6544
6426
6545
6427
6546
6428
6547
6429
6548
6430
6549
6431
6550
6432
6551
6433
6552
6434
6553
6554
6436
6555
6437
6556
6438
6557
6439
6558
6440
6559
6441
6560
6442
6561
6443
6562
6444
6563
6445
6564
6446
6565
6447
6566
6448
6567
6449
6568
6450
6569
6451
6570
6452
6571
6453
6572
6454
6573
6455
6574
6456
6575
6457
6576
6458
6577
6459
6578
6460
6579
6461
6580
6462
6581
6463
6582
6464
6583
6465
6584
6466
6585
6467
6586
6468
6587
6469
6588
6470
6589
6471
6590
6472
6591
6473
6592
6474
6593
6475
6594
6476
6595
6477
6596
6478
6597
6479
6598
6480
6599
6481
6600
6482
6601
6483
6602
6484
6603
6485
6604
6486
6605
6487
6606
6488
6607
6489
6608
6490
6609
6491
6610
6492
6611
6493
6612
6494
6613
6495
6614
6496
6615
6497
6616
6498
6617
6499
6618
6500
6619
6501
6620
6502
6621
6503
6622
6504
6623
6505
6624
6506
6625
6507
6626
6508
6627
6509
6628
6510
6629
6511
6630
6512
6631
6513
6632
6514
6633
6515
6634
6516
6635
6517
6636
6518
6637
6519
6638
6520
6639
6521
6640
6522
6641
6523
6642
6524
6643
6525
6644
6526
6645
6527
6646
6528
6647
6529
6648
6530
6649
6531
6650
6532
6651
6533
6652
6534
6653
6535
6654
6536
6655
6537
6656
6538
6657
6539
6658
6540
6659
6541
6660
6542
6661
6543
6662
6544
6663
6545
6664
6546
6665
6547
6666
6548
6667
6549
6668
6550
6669
6551
6670
6552
6671
6553
6672
6554
6673
6674
6556
6675
6557
6676
6558
6677
6559
6678
6560
6679
6561
6680
6562
6681
6563
6682
6564
6683
6565
6684
6566
6685
6567
6686
6568
6687
6569
6688
6570
6689
6571
6690
6572
6691
6573
6692
6574
6693
6575
6694
6576
6695
6577
6696
6578
6697
6579
6698
6580
6699
6581
6700
6582
6701
6583
6702
6584
6703
6585
6704
6586
6705
6587
6706
6588
6707
6589
6708
6590
6709
6591
6710
6592
6711
6593
6712
6594
6713
6595
6714
6596
6715
6597
6716
6598
6717
6599
6718
6600
6719
6601
6720
6602
6721
6603
6722
6604
6723
6605
6724
6606
6725
6607
6726
6608
6727
6609
6728
6610
6729
6611
6730
6612
6731
6613
6732
6614
6733
6615
6734
6616
6735
6617
6736
6618
6737
6619
6738
6620
6739
6621
6740
6622
6741
6623
6742
6624
6743
6625
6744
6626
6745
6627
6746
6628
6747
6629
6748
6630
6749
6631
6750
6632
6751
6633
6752
6634
6753
6635
6754
6636
6755
6637
6756
6638
6757
6639
6758
6640
6759
6641
6760
6642
6761
6643
6762
6644
6763
6645
6764
6646
6765
6647
6766
6648
6767
6649
6768
6650
6769
6651
6770
6652
6771
6653
6772
6654
6773
6655
6774
6656
6775
6657
6776
6658
6777
6659
6778
6660
6779
6661
6780
6662
6781
6663
6782
6664
6783
6665
6784
6666
6785
6667
6786
6668
6787
6669
6788
6670
6789
6671
6790
6672
6791
6673
6792
6674
6793
6794
6676
6795
6677
6796
6678
6797
6679
6798
6680
6799
6681
6800
6682
6801
6683
6802
6684
6803
6685
6804
6686
6805
6687
6806
6688
6807
6689
6808
6690
6809
6691
6810
6692
6811
6693
6812
6694
6813
6695
6814
6696
6815
6697
6816
6698
6817
6699
6818
6700
6819
6701
6820
6702
6821
6703
6822
6704
6823
6705
6824
6706
6825
6707
6826
6708
6827
6709
6828
6710
6829
6711
6830
6712
6831
6713
6832
6714
6833
6715
6834
6716
6835
6717
6836
6718
6837
6719
6838
6720
6839
6721
6840
6722
6841
6723
6842
6724
6843
6725
6844
6726
6845
6727
6846
6728
6847
6729
6848
6730
6849
6731
6850
6732
6851
6733
6852
6734
6853
6735
6854
6736
6855
6737
6856
6738
6857
6739
6858
6740
6859
6741
6860
6742
6861
6743
6862
6744
6863
6745
6864
6746
6865
6747
6866
6748
6867
6749
6868
6750
6869
6751
6870
6752
6871
6753
6872
6754
6873
6755
6874
6756
6875
6757
6876
6758
6877
6759
6878
6760
6879
6761
6880
6762
6881
6763
6882
6764
6883
6765
6884
6766
6885
6767
6886
6768
6887
6769
6888
6770
6889
6771
6890
6772
6891
6773
6892
6774
6893
6775
6894
6776
6895
6777
6896
6778
6897
6779
6898
6780
6899
6781
6900
6782
6901
6783
6902
6784
6903
6785
6904
6786
6905
6787
6906
6788
6907
6789
6908
6790
6909
6791
6910
6792
6911
6793
6912
6794
6913
6914
6796
6915
6797
6916
6798
6917
6799
6918
6800
6919
6801
6920
6802
6921
6803
6922
6804
6923
6805
6924
6806
6925
6807
6926
6808
6927
6809
6928
6810
6929
6811
6930
6812
6931
6813
6932
6814
6933
6815
6934
6816
6935
6817
6936
6818
6937
6819
6938
6820
6939
6821
6940
6822
6941
6823
6942
6824
6943
6825
6944
6826
6945
6827
6946
6828
6947
6829
6948
6830
6949
6831
6950
6832
6951
6833
6952
6834
6953
6835
6954
6836
6955
6837
6956
6838
6957
6839
6958
6840
6959
6841
6960
6842
6961
6843
6962
6844
6963
6845
6964
6846
6965
6847
6966
6848
6967
6849
6968
6850
6969
6851
6970
6852
6971
6853
6972
6854
6973
6855
6974
6856
6975
6857
6976
6858
6977
6859
6978
6860
6979
6861
6980
6862
6981
6863
6982
6864
6983
6865
6984
6866
6985
6867
6986
6868
6987
6869
6988
6870
6989
6871
6990
6872
6991
6873
6992
6874
6993
6875
6994
6876
6995
6877
6996
6878
6997
6879
6998
6880
6999
6881
7000
6882
7001
6883
7002
6884
7003
6885
7004
6886
7005
6887
7006
6888
7007
6889
7008
6890
7009
6891
7010
6892
7011
6893
7012
6894
7013
6895
7014
6896
7015
6897
7016
6898
7017
6899
7018
6900
7019
6901
7020
6902
7021
6903
7022
6904
7023
6905
7024
6906
7025
6907
7026
6908
7027
6909
7028
6910
7029
6911
7030
6912
7031
6913
7032
6914
7033
7034
6916
7035
6917
7036
6918
7037
6919
7038
6920
7039
6921
7040
6922
7041
6923
7042
6924
7043
6925
7044
6926
7045
6927
7046
6928
7047
6929
7048
6930
7049
6931
7050
6932
7051
6933
7052
6934
7053
6935
7054
6936
7055
6937
7056
6938
7057
6939
7058
6940
7059
6941
7060
6942
7061
6943
7062
6944
7063
6945
7064
6946
7065
6947
7066
6948
7067
6949
7068
6950
7069
6951
7070
6952
7071
6953
7072
6954
7073
6955
7074
6956
7075
6957
7076
6958
7077
6959
7078
6960
7079
6961
7080
6962
7081
6963
7082
6964
7083
6965
7084
6966
7085
6967
7086
6968
7087
6969
7088
6970
7089
6971
7090
6972
7091
6973
7092
6974
7093
6975
7094
6976
7095
6977
7096
6978
7097
6979
7098
6980
7099
6981
7100
6982
7101
6983
7102
6984
7103
6985
7104
6986
7105
6987
7106
6988
7107
6989
7108
6990
7109
6991
7110
6992
7111
6993
7112
6994
7113
6995
7114
6996
7115
6997
7116
6998
7117
6999
7118
7000
7119
7001
7120
7002
7121
7003
7122
7004
7123
7005
7124
7006
7125
7007
7126
7008
7127
7009
7128
7010
7129
7011
7130
7012
7131
7013
7132
7014
7133
7015
7134
7016
7135
7017
7136
7018
7137
7019
7138
7020
7139
7021
7140
7022
7141
7023
7142
7024
7143
7025
7144
7026
7145
7027
7146
7028
7147
7029
7148
7030
7149
7031
7150
7032
7151
7033
7152
7034
7153
7154
7036
7155
7037
7156
7038
7157
7039
7158
7040
7159
7041
7160
7042
7161
7043
7162
7044
7163
7045
7164
7046
7165
7047
7166
7048
7167
7049
7168
7050
7169
7051
7170
7052
7171
7053
7172
7054
7173
7055
7174
7056
7175
7057
7176
7058
7177
7059
7178
7060
7179
7061
7180
7062
7181
7063
7182
7064
7183
7065
7184
7066
7185
7067
7186
7068
7187
7069
7188
7070
7189
7071
7190
7072
7191
7073
7192
7074
7193
7075
7194
7076
7195
7077
7196
7078
7197
7079
7198
7080
7199
7081
7200
7082
7201
7083
7202
7084
7203
7085
7204
7086
7205
7087
7206
7088
7207
7089
7208
7090
7209
7091
7210
7092
7211
7093
7212
7094
7213
7095
7214
7096
7215
7097
7216
7098
7217
7099
7218
7100
7219
7101
7220
7102
7221
7103
7222
7104
7223
7105
7224
7106
7225
7107
7226
7108
7227
7109
7228
7110
7229
7111
7230
7112
7231
7113
7232
7114
7233
7115
7234
7116
7235
7117
7236
7118
7237
7119
7238
7120
7239
7121
7240
7122
7241
7123
7242
7124
7243
7125
7244
7126
7245
7127
7246
7128
7247
7129
7248
7130
7249
7131
7250
7132
7251
7133
7252
7134
7253
7135
7254
7136
7255
7137
7256
7138
7257
7139
7258
7140
7259
7141
7260
7142
7261
7143
7262
7144
7263
7145
7264
7146
7265
7147
7266
7148
7267
7149
7268
7150
7269
7151
7270
7152
7271
7153
7272
7154
7273
7274
7156
7275
7157
7276
7158
7277
7159
7278
7160
7279
7161
7280
7162
7281
7163
7282
7164
7283
7165
7284
7166
7285
7167
7286
7168
7287
7169
7288
7170
7289
7171
7290
7172
7291
7173
7292
7174
7293
7175
7294
7176
7295
7177
7296
7178
7297
7179
7298
7180
7299
7181
7300
7182
7301
7183
7302
7184
7303
7185
7304
7186
7305
7187
7306
7188
7307
7189
7308
7190
7309
7191
7310
7192
7311
7193
7312
7194
7313
7195
7314
7196
7315
7197
7316
7198
7317
7199
7318
7200
7319
7201
7320
7202
7321
7203
7322
7204
7323
7205
7324
7206
7325
7207
7326
7208
7327
7209
7328
7210
7329
7211
7330
7212
7331
7213
7332
7214
7333
7215
7334
7216
7335
7217
7336
7218
7337
7219
7338
7220
7339
7221
7340
7222
7341
7223
7342
7224
7343
7225
7344
7226
7345
7227
7346
7228
7347
7229
7348
7230
7349
7231
7350
7232
7351
7233
7352
7234
7353
7235
7354
7236
7355
7237
7356
7238
7357
7239
7358
7240
7359
7241
7360
7242
7361
7243
7362
7244
7363
7245
7364
7246
7365
7247
7366
7248
7367
7249
7368
7250
7369
7251
7370
7252
7371
7253
7372
7254
7373
7255
7374
7256
7375
7257
7376
7258
7377
7259
7378
7260
7379
7261
7380
7262
7381
7263
7382
7264
7383
7265
7384
7266
7385
7267
7386
7268
7387
7269
7388
7270
7389
7271
7390
7272
7391
7273
7392
7274
7393
7394
7276
7395
7277
7396
7278
7397
7279
7398
7280
7399
7281
7400
7282
7401
7283
7402
7284
7403
7285
7404
7286
7405
7287
7406
7288
7407
7289
7408
7290
7409
7291
7410
7292
7411
7293
7412
7294
7413
7295
7414
7296
7415
7297
7416
7298
7417
7299
7418
7300
7419
7301
7420
7302
7421
7303
7422
7304
7423
7305
7424
7306
7425
7307
7426
7308
7427
7309
7428
7310
7429
7311
7430
7312
7431
7313
7432
7314
7433
7315
7434
7316
7435
7317
7436
7318
7437
7319
7438
7320
7439
7321
7440
7322
7441
7323
7442
7324
7443
7325
7444
7326
7445
7327
7446
7328
7447
7329
7448
7330
7449
7331
7450
7332
7451
7333
7452
7334
7453
7335
7454
7336
7455
7337
7456
7338
7457
7339
7458
7340
7459
7341
7460
7342
7461
7343
7462
7344
7463
7345
7464
7346
7465
7347
7466
7348
7467
7349
7468
7350
7469
7351
7470
7352
7471
7353
7472
7354
7473
7355
7474
7356
7475
7357
7476
7358
7477
7359
7478
7360
7479
7361
7480
7362
7481
7363
7482
7364
7483
7365
7484
7366
7485
7367
7486
7368
7487
7369
7488
7370
7489
7371
7490
7372
7491
7373
7492
7374
7493
7375
7494
7376
7495
7377
7496
7378
7497
7379
7498
7380
7499
7381
7500
7382
7501
7383
7502
7384
7503
7385
7504
7386
7505
7387
7506
7388
7507
7389
7508
7390
7509
7391
7510
7392
7511
7393
7512
7394
7513
7514
7396
7515
7397
7516
7398
7517
7399
7518
7400
7519
7401
7520
7402
7521
7403
7522
7404
7523
7405
7524
7406
7525
7407
7526
7408
7527
7409
7528
7410
7529
7411
7530
7412
7531
7413
7532
7414
7533
7415
7534
7416
7535
7417
7536
7418
7537
7419
7538
7420
7539
7421
7540
7422
7541
7423
7542
7424
7543
7425
7544
7426
7545
7427
7546
7428
7547
7429
7548
7430
7549
7431
7550
7432
7551
7433
7552
7434
7553
7435
7554
7436
7555
7437
7556
7438
7557
7439
7558
7440
7559
7441
7560
7442
7561
7443
7562
7444
7563
7445
7564
7446
7565
7447
7566
7448
7567
7449
7568
7450
7569
7451
7570
7452
7571
7453
7572
7454
7573
7455
7574
7456
7575
7457
7576
7458
7577
7459
7578
7460
7579
7461
7580
7462
7581
7463
7582
7464
7583
7465
7584
7466
7585
7467
7586
7468
7587
7469
7588
7470
7589
7471
7590
7472
7591
7473
7592
7474
7593
7475
7594
7476
7595
7477
7596
7478
7597
7479
7598
7480
7599
7481
7600
7482
7601
7483
7602
7484
7603
7485
7604
7486
7605
7487
7606
7488
7607
7489
7608
7490
7609
7491
7610
7492
7611
7493
7612
7494
7613
7495
7614
7496
7615
7497
7616
7498
7617
7499
7618
7500
7619
7501
7620
7502
7621
7503
7622
7504
7623
7505
7624
7506
7625
7507
7626
7508
7627
7509
7628
7510
7629
7511
7630
7512
7631
7513
7632
7514
7633
7634
7516
7635
7517
7636
7518
7637
7519
7638
7520
7639
7521
7640
7522
7641
7523
7642
7524
7643
7525
7644
7526
7645
7527
7646
7528
7647
7529
7648
7530
7649
7531
7650
7532
7651
7533
7652
7534
7653
7535
7654
7536
7655
7537
7656
7538
7657
7539
7658
7540
7659
7541
7660
7542
7661
7543
7662
7544
7663
7545
7664
7546
7665
7547
7666
7548
7667
7549
7668
7550
7669
7551
7670
7552
7671
7553
7672
7554
7673
7555
7674
7556
7675
7557
7676
7558
7677
7559
7678
7560
7679
7561
7680
7562
7681
7563
7682
7564
7683
7565
7684
7566
7685
7567
7686
7568
7687
7569
7688
7570
7689
7571
7690
7572
7691
7573
7692
7574
7693
7575
7694
7576
7695
7577
7696
7578
7697
7579
7698
7580
7699
7581
7700
7582
7701
7583
7702
7584
7703
7585
7704
7586
7705
7587
7706
7588
7707
7589
7708
7590
7709
7591
7710
7592
7711
7593
7712
7594
7713
7595
7714
7596
7715
7597
7716
7598
7717
7599
7718
7600
7719
7601
7720
7602
7721
7603
7722
7604
7723
7605
7724
7606
7725
7607
7726
7608
7727
7609
7728
7610
7729
7611
7730
7612
7731
7613
7732
7614
7733
7615
7734
7616
7735
7617
7736
7618
7737
7619
7738
7620
7739
7621
7740
7622
7741
7623
7742
7624
7743
7625
7744
7626
7745
7627
7746
7628
7747
7629
7748
7630
7749
7631
7750
7632
7751
7633
7752
7634
7753
7754
7636
7755
7637
7756
7638
7757
7639
7758
7640
7759
7641
7760
7642
7761
7643
7762
7644
7763
7645
7764
7646
7765
7647
7766
7648
7767
7649
7768
7650
7769
7651
7770
7652
7771
7653
7772
7654
7773
7655
7774
7656
7775
7657
7776
7658
7777
7659
7778
7660
7779
7661
7780
7662
7781
7663
7782
7664
7783
7665
7784
7666
7785
7667
7786
7668
7787
7669
7788
7670
7789
7671
7790
7672
7791
7673
7792
7674
7793
7675
7794
7676
7795
7677
7796
7678
7797
7679
7798
7680
7799
7681
7800
7682
7801
7683
7802
7684
7803
7685
7804
7686
7805
7687
7806
7688
7807
7689
7808
7690
7809
7691
7810
7692
7811
7693
7812
7694
7813
7695
7814
7696
7815
7697
7816
7698
7817
7699
7818
7700
7819
7701
7820
7702
7821
7703
7822
7704
7823
7705
7824
7706
7825
7707
7826
7708
7827
7709
7828
7710
7829
7711
7830
7712
7831
7713
7832
7714
7833
7715
7834
7716
7835
7717
7836
7718
7837
7719
7838
7720
7839
7721
7840
7722
7841
7723
7842
7724
7843
7725
7844
7726
7845
7727
7846
7728
7847
7729
7848
7730
7849
7731
7850
7732
7851
7733
7852
7734
7853
7735
7854
7736
7855
7737
7856
7738
7857
7739
7858
7740
7859
7741
7860
7742
7861
7743
7862
7744
7863
7745
7864
7746
7865
7747
7866
7748
7867
7749
7868
7750
7869
7751
7870
7752
7871
7753
7872
7754
7873
7874
7756
7875
7757
7876
7758
7877
7759
7878
7760
7879
7761
7880
7762
7881
7763
7882
7764
7883
7765
7884
7766
7885
7767
7886
7768
7887
7769
7888
7770
7889
7771
7890
7772
7891
7773
7892
7774
7893
7775
7894
7776
7895
7777
7896
7778
7897
7779
7898
7780
7899
7781
7900
7782
7901
7783
7902
7784
7903
7785
7904
7786
7905
7787
7906
7788
7907
7789
7908
7790
7909
7791
7910
7792
7911
7793
7912
7794
7913
7795
7914
7796
7915
7797
7916
7798
7917
7799
7918
7800
7919
7801
7920
7802
7921
7803
7922
7804
7923
7805
7924
7806
7925
7807
7926
7808
7927
7809
7928
7810
7929
7811
7930
7812
7931
7813
7932
7814
7933
7815
7934
7816
7935
7817
7936
7818
7937
7819
7938
7820
7939
7821
7940
7822
7941
7823
7942
7824
7943
7825
7944
7826
7945
7827
7946
7828
7947
7829
7948
7830
7949
7831
7950
7832
7951
7833
7952
7834
7953
7835
7954
7836
7955
7837
7956
7838
7957
7839
7958
7840
7959
7841
7960
7842
7961
7843
7962
7844
7963
7845
7964
7846
7965
7847
7966
7848
7967
7849
7968
7850
7969
7851
7970
7852
7971
7853
7972
7854
7973
7855
7974
7856
7975
7857
7976
7858
7977
7859
7978
7860
7979
7861
7980
7862
7981
7863
7982
7864
7983
7865
7984
7866
7985
7867
7986
7868
7987
7869
7988
7870
7989
7871
7990
7872
7991
7873
7992
7874
7993
7994
7876
7877
7878
7879
7880
7881
7882
7883
7884
7885
7886
7887
7888
7889
7890
7891
7892
7893
7894
7895
7896
7897
7898
7899
7900
7901
7902
7903
7904
7905
7906
7907
7908
7909
7910
7911
7912
7913
7914
7915
7916
7917
7918
7919
7920
7921
7922
7923
7924
7925
7926
7927
7928
7929
7930
7931
7932
7933
7934
7935
7936
7937
7938
7939
7940
7941
7942
7943
7944
7945
7946
7947
7948
7949
7950
7951
7952
7953
7954
7955
7956
7957
7958
7959
7960
7961
7962
7963
7964
7965
7966
7967
7968
7969
7970
7971
7972
7973
7974
7975
7976
7977
7978
7979
7980
7981
7982
7983
7984
7985
7986
7987
7988
7989
7990
7991
7992
7993
7994
)


// ************************************************************************* //
